1008
8
3301699
199
0 1 1 75 76 18 (D 1,1,1) (S 51,1,1) (S 1,1,1) (S 47,1,7) (S 7,7,7) (S 82,7,6) (S 6,6,6) (S 72,6,7) (S 81,7,1) (S 2,2,2) (S 39,2,8) (S 8,8,8) (S 35,8,12) (S 12,12,12) (S 60,12,20) (S 64,20,19) (S 96,29,23) (S 68,9,13)
0 1 2 75 83 10 (D 1,1,1) (S 52,1,6) (S 70,2,3) (S 3,3,3) (S 95,3,2) (S 13,13,13) (S 40,13,25) (S 32,25,20) (S 19,19,19) (S 91,25,21)
0 1 3 75 131 12 (D 1,1,1) (S 44,12,11) (S 11,11,11) (S 58,11,6) (S 42,11,14) (S 14,14,14) (S 38,14,15) (S 15,15,15) (S 69,11,4) (S 67,16,16) (S 48,16,16) (S 46,29,40)
0 1 4 75 128 13 (D 1,1,1) (S 90,11,10) (S 10,10,10) (S 61,10,11) (S 43,11,16) (S 54,16,13) (S 31,16,14) (S 79,20,14) (S 75,20,16) (S 16,16,16) (S 33,20,17) (S 17,17,17) (S 45,40,29)
0 1 5 75 147 14 (D 1,1,1) (S 76,20,22) (S 22,22,22) (S 93,22,17) (S 49,28,18) (S 18,18,18) (S 66,28,22) (S 36,22,32) (S 55,32,21) (S 21,21,21) (S 84,21,25) (S 50,21,32) (S 88,40,30) (S 65,27,26)
0 1 6 72 121 12 (D 1,1,1) (S 83,19,12) (S 53,19,11) (S 92,29,19) (S 87,29,26) (S 26,26,26) (S 56,26,27) (S 27,27,27) (S 80,27,29) (S 29,29,29) (S 74,29,28) (S 28,28,28)
0 1 7 75 163 12 (D 1,1,1) (S 37,25,24) (S 24,24,24) (S 57,24,32) (S 71,32,28) (S 34,28,40) (S 86,29,38) (S 85,38,26) (S 73,26,29) (S 94,38,29) (S 62,28,27) (S 77,37,25)
0 1 8 57 159 8 (D 1,1,1) (S 63,22,21) (S 41,24,23) (S 23,23,23) (S 78,28,32) (S 59,37,30) (S 30,30,30) (S 89,37,28)