33642
45
66363400
400
0 1 1 120 316 10 (D 1,1,1) (S 201,1,116) (S 202,116,117) (S 206,117,35) (S 35,35,35) (S 207,35,120) (S 211,120,121) (S 212,121,122) (S 159,86,87) (S 196,112,113)
0 1 2 120 287 6 (D 1,1,1) (S 13,13,13) (S 200,13,116) (S 203,13,117) (S 205,117,7) (S 163,24,91)
0 1 3 119 304 6 (D 1,1,1) (S 204,2,117) (S 216,120,33) (S 33,33,33) (S 215,33,34) (S 34,34,34)
0 1 4 120 657 5 (D 1,1,1) (S 199,114,13) (S 208,114,7) (S 7,7,7) (S 175,97,98)
0 1 5 118 543 11 (D 1,1,1) (S 198,113,114) (S 192,107,110) (S 193,110,111) (S 194,110,112) (S 195,107,112) (S 189,107,8) (S 8,8,8) (S 187,105,22) (S 186,104,105) (S 180,18,23)
0 1 6 120 607 8 (D 1,1,1) (S 210,7,121) (S 214,122,33) (S 217,33,125) (S 236,125,138) (S 29,29,29) (S 234,29,138) (S 133,5,26)
0 1 7 119 572 7 (D 1,1,1) (S 213,87,122) (S 160,86,88) (S 162,88,24) (S 24,24,24) (S 184,91,103) (S 126,62,12)
0 1 8 119 442 3 (D 1,1,1) (S 191,8,47) (S 47,47,47)
0 1 9 120 614 8 (D 1,1,1) (S 209,91,7) (S 161,88,89) (S 166,89,92) (S 153,82,41) (S 41,41,41) (S 156,41,4) (S 105,43,46)
0 1 10 117 458 5 (D 1,1,1) (S 22,22,22) (S 188,22,107) (S 190,22,8) (S 185,102,104)
0 1 11 119 732 5 (D 1,1,1) (S 197,103,113) (S 183,102,103) (S 23,23,23) (S 116,55,56)
0 1 12 120 464 8 (D 1,1,1) (S 219,34,46) (S 46,46,46) (S 220,46,127) (S 224,127,129) (S 221,127,128) (S 223,128,129) (S 227,36,132)
0 1 13 120 550 8 (D 1,1,1) (S 158,85,86) (S 4,4,4) (S 157,4,85) (S 168,4,92) (S 155,82,4) (S 167,82,92) (S 151,80,14)
0 1 14 120 474 6 (D 1,1,1) (S 226,46,36) (S 36,36,36) (S 235,36,138) (S 231,134,10) (S 10,10,10)
0 1 15 119 805 7 (D 1,1,1) (S 225,46,130) (S 228,132,133) (S 229,133,134) (S 232,134,29) (S 233,29,137) (S 104,46,47)
0 1 16 118 624 9 (D 1,1,1) (S 152,80,82) (S 14,14,14) (S 154,14,41) (S 44,44,44) (S 150,44,14) (S 149,44,80) (S 148,78,44) (S 103,42,47)
0 1 17 120 714 8 (D 1,1,1) (S 182,23,102) (S 18,18,18) (S 179,18,100) (S 172,18,95) (S 173,95,96) (S 176,96,99) (S 140,73,74)
0 1 18 118 887 7 (D 1,1,1) (S 230,133,10) (S 222,3,128) (S 147,77,78) (S 6,6,6) (S 145,6,77) (S 146,46,77)
0 1 19 117 525 6 (D 1,1,1) (S 17,17,17) (S 181,17,23) (S 171,93,18) (S 131,17,5) (S 132,5,68)
0 1 20 119 600 6 (D 1,1,1) (S 165,17,91) (S 26,26,26) (S 136,26,71) (S 137,71,15) (S 134,26,70)
0 1 21 120 863 6 (D 1,1,1) (S 164,68,24) (S 142,71,75) (S 135,70,71) (S 102,34,25) (S 88,49,36)
0 1 22 117 789 5 (D 1,1,1) (S 218,4,34) (S 100,43,16) (S 101,16,25) (S 98,42,43)
0 1 23 119 673 8 (D 1,1,1) (S 15,15,15) (S 139,15,74) (S 144,74,6) (S 138,15,73) (S 240,58,70) (S 125,57,62) (S 127,12,64)
0 1 24 120 782 7 (D 1,1,1) (S 12,12,12) (S 170,12,93) (S 128,64,65) (S 169,64,93) (S 118,57,58) (S 237,55,50)
0 1 25 120 858 8 (D 1,1,1) (S 119,58,43) (S 43,43,43) (S 120,43,21) (S 21,21,21) (S 25,25,25) (S 121,25,21) (S 79,28,29)
0 1 26 117 728 5 (D 1,1,1) (S 130,62,17) (S 143,75,6) (S 99,37,43) (S 97,37,42)
0 1 27 117 778 5 (D 1,1,1) (S 178,99,100) (S 174,96,97) (S 177,97,99) (S 129,56,65)
0 1 28 116 667 7 (D 1,1,1) (S 123,43,61) (S 124,49,61) (S 114,49,50) (S 50,50,50) (S 1,1,1) (S 115,1,55)
0 1 29 119 892 5 (D 1,1,1) (S 16,16,16) (S 141,16,73) (S 86,34,45) (S 80,28,48)
0 1 30 118 682 7 (D 1,1,1) (S 49,49,49) (S 89,49,37) (S 90,36,37) (S 91,36,30) (S 30,30,30) (S 92,30,37)
0 1 31 120 1030 6 (D 1,1,1) (S 117,56,57) (S 238,1,50) (S 3,3,3) (S 113,3,50) (S 63,2,17)
0 1 32 115 721 6 (D 1,1,1) (S 122,21,61) (S 109,48,20) (S 20,20,20) (S 110,20,39) (S 39,39,39)
0 1 33 117 762 6 (D 1,1,1) (S 87,34,49) (S 95,30,27) (S 27,27,27) (S 94,40,27) (S 93,37,40)
0 1 34 118 1027 4 (D 1,1,1) (S 96,27,47) (S 106,33,45) (S 78,27,28)
0 1 35 120 901 7 (D 1,1,1) (S 108,48,49) (S 107,48,45) (S 45,45,45) (S 32,32,32) (S 58,19,2) (S 65,17,18)
0 1 36 119 1030 7 (D 1,1,1) (S 112,52,3) (S 111,39,52) (S 85,32,33) (S 57,32,19) (S 19,19,19) (S 64,2,16)
0 1 37 117 955 4 (D 1,1,1) (S 239,32,27) (S 84,29,33) (S 2,2,2)
0 1 38 115 1032 7 (D 1,1,1) (S 68,19,20) (S 70,20,28) (S 28,28,28) (S 72,20,24) (S 74,24,25) (S 66,18,19)
0 1 39 111 1002 7 (D 1,1,1) (S 59,2,42) (S 42,42,42) (S 61,15,16) (S 62,15,17) (S 60,10,15) (S 67,10,19)
0 1 40 112 958 5 (D 1,1,1) (S 48,48,48) (S 83,48,32) (S 81,48,9) (S 9,9,9)
0 1 41 114 958 6 (D 1,1,1) (S 54,8,40) (S 40,40,40) (S 55,40,10) (S 38,38,38) (S 53,38,8)
0 1 42 120 1177 5 (D 1,1,1) (S 56,8,32) (S 52,38,7) (S 31,31,31) (S 77,25,27)
0 1 43 97 1005 5 (D 1,1,1) (S 75,25,11) (S 11,11,11) (S 82,11,9) (S 76,23,11)
0 1 44 113 1027 3 (D 1,1,1) (S 69,20,21) (S 71,21,23)
0 1 45 82 1170 3 (D 1,1,1) (S 51,31,38) (S 73,23,24)