171
9
1584999
400
0 1 1 27 2 3 (D 1,1,1) (S 42,1,3) (S 3,3,3)
0 1 2 27 20 6 (D 1,1,1) (S 36,1,4) (S 4,4,4) (S 11,4,7) (S 38,7,8) (S 17,6,9)
0 1 3 27 18 8 (D 1,1,1) (S 14,1,2) (S 2,2,2) (S 24,2,6) (S 6,6,6) (S 41,6,7) (S 19,3,5) (S 37,5,10)
0 1 4 27 6 3 (D 1,1,1) (S 1,1,1) (S 39,1,6)
0 1 5 27 26 7 (D 1,1,1) (S 35,1,3) (S 23,3,6) (S 22,6,8) (S 12,8,9) (S 34,2,10) (S 28,3,8)
0 1 6 27 12 5 (D 1,1,1) (S 15,1,5) (S 5,5,5) (S 31,5,7) (S 25,7,10)
0 1 7 27 16 5 (D 1,1,1) (S 40,1,2) (S 21,2,8) (S 8,8,8) (S 33,6,10)
0 1 8 25 37 7 (D 1,1,1) (S 27,1,4) (S 30,4,9) (S 9,9,9) (S 13,9,10) (S 29,2,7) (S 26,5,9)
0 1 9 24 34 5 (D 1,1,1) (S 16,3,2) (S 32,4,8) (S 20,8,10) (S 18,5,6)