552
9
1370099
0
0 1 1 65 39 10 (D 1,1,1) (S 29,1,4) (S 4,4,4) (S 1,1,1) (S 56,1,1) (S 71,1,9) (S 9,9,9) (S 33,9,12) (S 12,12,12) (S 66,2,3)
0 1 2 65 38 8 (D 1,1,1) (S 35,1,22) (S 22,22,22) (S 37,22,23) (S 23,23,23) (S 30,23,1) (S 68,1,27) (S 50,9,10)
0 1 3 65 43 9 (D 1,1,1) (S 6,6,6) (S 59,6,7) (S 7,7,7) (S 8,8,8) (S 53,8,7) (S 44,6,27) (S 27,27,27) (S 2,2,2)
0 1 4 64 69 11 (D 1,1,1) (S 21,21,21) (S 40,21,34) (S 39,34,18) (S 18,18,18) (S 19,19,19) (S 55,19,22) (S 49,34,22) (S 41,23,29) (S 51,30,20) (S 73,24,25)
0 1 5 65 45 7 (D 1,1,1) (S 65,21,17) (S 17,17,17) (S 46,17,21) (S 10,10,10) (S 75,10,9) (S 57,12,15)
0 1 6 65 65 13 (D 1,1,1) (S 70,2,24) (S 24,24,24) (S 63,24,30) (S 42,30,29) (S 20,20,20) (S 58,20,24) (S 52,24,2) (S 5,5,5) (S 36,5,11) (S 64,13,11) (S 15,15,15) (S 54,21,15)
0 1 7 64 72 8 (D 1,1,1) (S 62,15,7) (S 31,14,15) (S 48,15,12) (S 76,17,11) (S 11,11,11) (S 13,13,13) (S 34,15,25)
0 1 8 65 99 12 (D 1,1,1) (S 28,13,19) (S 74,21,14) (S 14,14,14) (S 61,14,17) (S 25,25,25) (S 45,25,26) (S 26,26,26) (S 72,26,5) (S 43,5,26) (S 32,26,32) (S 69,21,24)
0 1 9 34 82 6 (D 1,1,1) (S 38,25,24) (S 60,24,21) (S 67,5,3) (S 3,3,3) (S 47,32,20)