9847
22
13258000
299
0 1 1 1458 647 8 (D 1,1,1) (S 11,1,10) (S 22,10,11) (S 88,11,2) (S 13,2,3) (S 24,11,18) (S 34,18,19) (S 30,15,16)
0 1 2 1444 192 5 (D 1,1,1) (S 12,1,11) (S 25,11,19) (S 27,19,12) (S 36,19,31)
0 1 3 1444 167 5 (D 1,1,1) (S 23,10,2) (S 2,2,2) (S 32,2,18) (S 54,30,31)
0 1 4 1468 440 9 (D 1,1,1) (S 15,3,12) (S 89,12,11) (S 35,19,20) (S 38,20,6) (S 6,6,6) (S 90,20,21) (S 91,21,22) (S 65,36,48)
0 1 5 1432 460 6 (D 1,1,1) (S 14,3,4) (S 16,4,5) (S 18,5,14) (S 63,36,7) (S 67,37,38)
0 1 6 1473 183 5 (D 1,1,1) (S 33,2,4) (S 4,4,4) (S 53,4,42) (S 78,42,43)
0 1 7 1463 325 6 (D 1,1,1) (S 52,4,30) (S 55,30,43) (S 79,43,44) (S 80,44,9) (S 95,46,9)
0 1 8 1450 547 6 (D 1,1,1) (S 26,12,13) (S 28,13,20) (S 37,20,5) (S 5,5,5) (S 47,26,27)
0 1 9 1461 251 4 (D 1,1,1) (S 56,31,44) (S 58,44,5) (S 57,5,6)
0 1 10 1457 348 6 (D 1,1,1) (S 59,6,34) (S 61,34,7) (S 7,7,7) (S 93,7,22) (S 40,22,23)
0 1 11 1439 601 6 (D 1,1,1) (S 60,6,9) (S 9,9,9) (S 62,46,34) (S 39,34,21) (S 85,52,53)
0 1 12 1439 518 5 (D 1,1,1) (S 17,5,1) (S 1,1,1) (S 19,1,7) (S 21,9,16)
0 1 13 1458 403 4 (D 1,1,1) (S 29,14,22) (S 41,22,36) (S 82,48,49)
0 1 14 1451 517 6 (D 1,1,1) (S 81,46,47) (S 96,47,48) (S 64,36,37) (S 44,37,24) (S 71,38,51)
0 1 15 1398 413 5 (D 1,1,1) (S 42,23,24) (S 45,24,38) (S 46,38,3) (S 92,3,24)
0 1 16 1466 438 4 (D 1,1,1) (S 43,23,36) (S 66,36,49) (S 10,10,10)
0 1 17 1452 540 5 (D 1,1,1) (S 86,7,8) (S 87,9,8) (S 48,26,8) (S 8,8,8)
0 1 18 1454 508 5 (D 1,1,1) (S 20,7,3) (S 3,3,3) (S 69,38,8) (S 72,8,40)
0 1 19 1397 546 6 (D 1,1,1) (S 68,37,49) (S 97,49,10) (S 83,10,51) (S 73,51,8) (S 75,40,52)
0 1 20 1366 602 5 (D 1,1,1) (S 70,38,10) (S 98,10,49) (S 84,51,52) (S 77,53,41)
0 1 21 1353 531 4 (D 1,1,1) (S 49,27,28) (S 51,28,41) (S 74,41,40)
0 1 22 1234 670 5 (D 1,1,1) (S 50,27,40) (S 76,40,53) (S 94,40,26) (S 31,28,16)