152
8
1815200
199
0 1 1 27 9 9 (D 1,1,1) (S 32,1,2) (S 2,2,2) (S 15,2,6) (S 6,6,6) (S 10,6,1) (S 25,1,4) (S 4,4,4) (S 27,1,7)
0 1 2 27 19 7 (D 1,1,1) (S 24,1,8) (S 11,8,4) (S 12,4,8) (S 8,8,8) (S 14,8,6) (S 23,5,7)
0 1 3 27 10 4 (D 1,1,1) (S 31,1,3) (S 3,3,3) (S 19,3,6)
0 1 4 27 33 7 (D 1,1,1) (S 36,1,11) (S 22,6,7) (S 7,7,7) (S 9,7,8) (S 26,1,2) (S 13,8,5)
0 1 5 26 27 6 (D 1,1,1) (S 17,2,8) (S 28,2,4) (S 35,4,11) (S 34,1,3) (S 33,3,8)
0 1 6 25 20 4 (D 1,1,1) (S 21,2,11) (S 1,1,1) (S 18,5,6)
0 1 7 25 25 4 (D 1,1,1) (S 20,2,7) (S 30,3,11) (S 16,1,4)
0 1 8 21 9 3 (D 1,1,1) (S 29,3,5) (S 5,5,5)