272
9
2077999
299
0 1 1 27 18 8 (D 1,1,1) (S 11,1,4) (S 4,4,4) (S 41,4,7) (S 26,7,3) (S 8,3,1) (S 12,1,7) (S 45,7,2)
0 1 2 27 10 7 (D 1,1,1) (S 13,1,3) (S 3,3,3) (S 21,3,2) (S 18,2,4) (S 9,4,1) (S 14,1,2)
0 1 3 27 12 5 (D 1,1,1) (S 15,1,6) (S 6,6,6) (S 28,6,3) (S 17,3,2)
0 1 4 27 29 7 (D 1,1,1) (S 16,1,5) (S 5,5,5) (S 36,5,4) (S 31,4,4) (S 43,4,2) (S 23,5,2)
0 1 5 27 43 10 (D 1,1,1) (S 47,7,5) (S 40,5,1) (S 1,1,1) (S 10,1,1) (S 38,3,1) (S 25,1,3) (S 24,3,4) (S 35,4,6) (S 44,6,4)
0 1 6 27 44 6 (D 1,1,1) (S 33,3,4) (S 30,4,1) (S 37,1,7) (S 42,3,4) (S 20,2,7)
0 1 7 27 32 6 (D 1,1,1) (S 48,3,2) (S 2,2,2) (S 34,2,4) (S 32,4,7) (S 29,3,5)
0 1 8 27 51 6 (D 1,1,1) (S 7,2,1) (S 22,2,2) (S 50,2,5) (S 27,3,2) (S 39,1,6)
0 1 9 19 33 4 (D 1,1,1) (S 19,1,2) (S 46,6,7) (S 49,6,2)