21787
26
77640600
200
0 1 1 234 539 14 (D 1,1,1) (S 169,1,116) (S 265,116,1) (S 170,116,117) (S 267,117,45) (S 45,45,45) (S 171,45,117) (S 266,117,116) (S 173,117,119) (S 269,119,117) (S 172,117,118) (S 240,9,86) (S 144,86,9) (S 287,138,46)
0 1 2 235 768 10 (D 1,1,1) (S 49,49,49) (S 264,49,113) (S 262,113,112) (S 166,112,113) (S 168,113,49) (S 174,49,118) (S 268,118,117) (S 270,118,49) (S 151,97,98)
0 1 3 234 627 15 (D 1,1,1) (S 263,113,15) (S 15,15,15) (S 167,15,113) (S 261,112,107) (S 162,107,110) (S 163,110,13) (S 13,13,13) (S 259,13,110) (S 258,110,107) (S 165,107,112) (S 260,112,110) (S 164,110,112) (S 253,44,105) (S 119,67,69)
0 1 4 234 501 11 (D 1,1,1) (S 159,107,18) (S 18,18,18) (S 255,18,107) (S 254,107,44) (S 44,44,44) (S 158,44,107) (S 256,18,44) (S 160,44,18) (S 252,105,26) (S 156,26,105)
0 1 5 234 510 18 (D 1,1,1) (S 239,86,85) (S 238,85,84) (S 142,84,85) (S 143,85,86) (S 236,84,82) (S 138,82,83) (S 234,83,82) (S 140,82,84) (S 237,84,83) (S 235,83,81) (S 231,81,79) (S 135,79,81) (S 232,81,39) (S 39,39,39) (S 136,39,81) (S 139,81,83) (S 141,83,84)
0 1 6 235 737 6 (D 1,1,1) (S 161,18,109) (S 257,109,18) (S 157,105,44) (S 209,63,62) (S 113,62,63)
0 1 7 235 564 13 (D 1,1,1) (S 176,124,50) (S 50,50,50) (S 272,50,124) (S 271,124,4) (S 175,4,124) (S 177,50,3) (S 3,3,3) (S 181,3,129) (S 277,129,3) (S 273,3,50) (S 184,16,35) (S 280,35,16)
0 1 8 234 797 11 (D 1,1,1) (S 193,125,138) (S 289,138,125) (S 288,138,16) (S 16,16,16) (S 279,16,50) (S 183,50,16) (S 192,16,138) (S 46,46,46) (S 191,46,138) (S 94,46,43)
0 1 9 233 646 14 (D 1,1,1) (S 26,26,26) (S 251,26,22) (S 22,22,22) (S 155,22,26) (S 244,93,63) (S 114,63,64) (S 210,64,63) (S 148,63,93) (S 243,93,64) (S 115,64,65) (S 211,65,64) (S 208,62,57) (S 197,58,24)
0 1 10 235 985 12 (D 1,1,1) (S 182,50,130) (S 278,130,50) (S 178,3,128) (S 274,128,3) (S 276,129,128) (S 180,128,129) (S 275,128,3) (S 35,35,35) (S 185,35,27) (S 281,27,35) (S 93,46,47)
0 1 11 235 633 16 (D 1,1,1) (S 145,89,92) (S 241,92,89) (S 242,92,82) (S 233,82,39) (S 230,39,79) (S 229,79,78) (S 133,78,79) (S 134,79,39) (S 137,39,82) (S 146,82,92) (S 228,78,28) (S 28,28,28) (S 226,28,76) (S 130,76,28) (S 132,28,78)
0 1 12 234 856 13 (D 1,1,1) (S 190,46,137) (S 286,137,46) (S 285,46,134) (S 282,134,27) (S 27,27,27) (S 186,27,134) (S 188,134,135) (S 284,135,134) (S 189,134,46) (S 187,27,135) (S 214,68,67) (S 215,69,67)
0 1 13 235 707 15 (D 1,1,1) (S 117,66,67) (S 118,67,68) (S 213,67,66) (S 212,66,62) (S 116,62,66) (S 122,69,2) (S 2,2,2) (S 218,2,69) (S 120,69,24) (S 24,24,24) (S 216,24,69) (S 217,2,24) (S 121,24,2) (S 222,74,73)
0 1 14 235 847 16 (D 1,1,1) (S 250,100,12) (S 12,12,12) (S 248,12,4) (S 4,4,4) (S 245,4,20) (S 20,20,20) (S 149,20,4) (S 152,4,12) (S 154,12,100) (S 249,12,97) (S 246,97,4) (S 150,4,97) (S 247,98,97) (S 112,57,62) (S 293,24,58)
0 1 15 232 1081 15 (D 1,1,1) (S 283,135,27) (S 179,3,128) (S 227,28,46) (S 131,46,28) (S 225,76,74) (S 221,74,72) (S 219,72,2) (S 123,2,72) (S 125,72,74) (S 129,74,76) (S 87,43,42) (S 92,42,47) (S 86,42,37) (S 21,21,21)
0 1 16 232 849 13 (D 1,1,1) (S 124,72,73) (S 126,73,74) (S 220,73,72) (S 223,73,48) (S 48,48,48) (S 90,48,25) (S 25,25,25) (S 91,25,34) (S 75,34,139) (S 95,139,33) (S 74,33,11) (S 55,11,23)
0 1 17 234 936 12 (D 1,1,1) (S 224,76,11) (S 11,11,11) (S 128,11,76) (S 88,43,37) (S 78,37,21) (S 77,21,7) (S 7,7,7) (S 79,7,37) (S 81,32,14) (S 14,14,14) (S 103,55,56)
0 1 18 233 777 15 (D 1,1,1) (S 201,58,57) (S 105,57,58) (S 106,58,59) (S 107,59,60) (S 204,60,25) (S 108,25,60) (S 203,60,59) (S 110,59,47) (S 47,47,47) (S 207,47,43) (S 43,43,43) (S 96,43,5) (S 97,5,50) (S 199,56,55)
0 1 19 234 901 11 (D 1,1,1) (S 147,64,93) (S 200,57,56) (S 104,56,57) (S 198,55,54) (S 102,54,55) (S 194,55,140) (S 290,140,55) (S 195,54,140) (S 291,140,54) (S 101,140,43)
0 1 20 235 1102 10 (D 1,1,1) (S 89,43,48) (S 127,48,73) (S 76,34,21) (S 80,7,32) (S 32,32,32) (S 84,32,10) (S 10,10,10) (S 83,10,40) (S 69,29,38)
0 1 21 235 1038 7 (D 1,1,1) (S 85,47,10) (S 82,40,14) (S 109,60,47) (S 206,47,59) (S 202,59,58) (S 99,53,52)
0 1 22 232 1162 11 (D 1,1,1) (S 153,97,12) (S 100,140,53) (S 42,42,42) (S 98,42,50) (S 111,43,47) (S 205,47,60) (S 73,33,29) (S 38,38,38) (S 70,38,33) (S 68,38,27)
0 1 23 235 1046 11 (D 1,1,1) (S 54,11,30) (S 30,30,30) (S 52,30,6) (S 51,6,5) (S 53,30,9) (S 59,10,19) (S 6,6,6) (S 56,6,23) (S 23,23,23) (S 58,6,16)
0 1 24 225 995 11 (D 1,1,1) (S 196,11,27) (S 67,27,29) (S 29,29,29) (S 65,29,36) (S 36,36,36) (S 63,36,8) (S 8,8,8) (S 62,8,22) (S 60,8,23) (S 57,6,40)
0 1 25 196 1116 7 (D 1,1,1) (S 33,33,33) (S 72,33,37) (S 37,37,37) (S 71,33,31) (S 66,26,29) (S 64,36,23)
0 1 26 122 1067 4 (D 1,1,1) (S 292,27,11) (S 61,8,1) (S 1,1,1)