498
8
2105099
200
0 1 1 45 51  12 (D 0,1,1) (S 32,1,9) (S 15,9,3) (S 22,3,10) (S 5,10,10) (S 1,2,2) (S 14,2,5) (S 30,5,4) (S 27,4,5) (S 38,13,17) (S 9,17,17) (D 0,1,1)
0 1 2 44 30  7 (D 0,1,1) (S 28,1,19) (S 10,19,19) (S 41,19,9) (S 40,9,19) (S 39,20,15) (D 0,1,1)
0 1 3 45 42  8 (D 0,1,1) (S 2,5,5) (S 18,5,11) (S 6,11,11) (S 42,11,1) (S 8,15,15) (S 37,15,21) (D 0,1,1)
0 1 4 45 69  7 (D 0,1,1) (S 24,19,20) (S 11,20,20) (S 36,20,21) (S 21,24,23) (S 31,16,17) (D 0,1,1)
0 1 5 45 38  5 (D 0,1,1) (S 16,3,4) (S 20,11,6) (S 3,6,6) (D 0,1,1)
0 1 6 45 96  7 (D 0,1,1) (S 12,21,21) (S 46,21,15) (S 25,24,21) (S 23,23,22) (S 43,8,14) (D 0,1,1)
0 1 7 44 49  7 (D 0,1,1) (S 35,6,7) (S 4,7,7) (S 17,7,13) (S 13,13,14) (S 33,14,8) (D 0,1,1)
0 1 8 45 123  11 (D 0,1,1) (S 44,6,5) (S 7,12,12) (S 29,12,11) (S 47,16,15) (S 48,17,16) (S 26,17,13) (S 34,17,12) (S 45,18,17) (S 19,18,14) (D 0,1,1)