400
9
2191400
199
0 1 1 27 33 6 (D 1,1,1) (S 24,1,17) (S 7,7,7) (S 39,7,20) (S 19,20,11) (S 11,11,11)
0 1 2 27 54 8 (D 1,1,1) (S 35,1,24) (S 22,24,15) (S 15,15,15) (S 14,14,14) (S 17,14,12) (S 45,13,6) (S 43,12,13)
0 1 3 27 68 7 (D 1,1,1) (S 25,1,7) (S 29,13,7) (S 6,6,6) (S 20,6,9) (S 28,2,1) (S 16,6,4)
0 1 4 26 38 5 (D 1,1,1) (S 40,2,12) (S 36,6,20) (S 27,11,12) (S 42,22,12)
0 1 5 27 45 6 (D 1,1,1) (S 1,1,1) (S 26,1,6) (S 44,6,10) (S 33,10,11) (S 46,3,9)
0 1 6 26 40 5 (D 1,1,1) (S 37,1,5) (S 5,5,5) (S 41,1,2) (S 2,2,2)
0 1 7 26 51 5 (D 1,1,1) (S 31,6,5) (S 18,6,9) (S 38,2,10) (S 23,2,3)
0 1 8 26 42 6 (D 1,1,1) (S 32,6,11) (S 30,11,13) (S 13,13,13) (S 21,13,9) (S 9,9,9)
0 1 9 4 29 2 (D 1,1,1) (S 34,22,13)