12474
15
15207999
300
0 1 1 190 623 12 (D 1,1,1) (S 21,1,14) (S 14,14,14) (S 22,14,3) (S 23,14,4) (S 24,4,9) (S 9,9,9) (S 26,9,7) (S 27,7,8) (S 25,9,6) (S 74,8,52) (S 76,52,53)
0 1 2 190 831 8 (D 1,1,1) (S 95,4,69) (S 94,59,69) (S 83,58,59) (S 93,58,69) (S 85,58,60) (S 89,63,64) (S 62,39,40)
0 1 3 189 646 10 (D 1,1,1) (S 28,8,9) (S 29,9,10) (S 30,11,12) (S 31,12,12) (S 12,12,12) (S 5,5,5) (S 33,5,14) (S 103,20,11) (S 106,21,4)
0 1 4 188 835 14 (D 1,1,1) (S 66,44,45) (S 67,45,46) (S 69,46,47) (S 71,47,49) (S 72,49,8) (S 8,8,8) (S 77,52,54) (S 4,4,4) (S 75,4,53) (S 41,21,22) (S 43,22,20) (S 20,20,20) (S 99,72,19)
0 1 5 189 947 10 (D 1,1,1) (S 68,44,46) (S 107,44,59) (S 87,60,62) (S 91,62,66) (S 92,66,68) (S 88,62,63) (S 90,63,15) (S 80,55,56) (S 63,35,39)
0 1 6 186 920 7 (D 1,1,1) (S 84,11,59) (S 86,60,61) (S 3,3,3) (S 81,3,57) (S 64,35,18) (S 60,16,38)
0 1 7 189 1029 14 (D 1,1,1) (S 70,47,48) (S 73,49,4) (S 42,22,7) (S 7,7,7) (S 45,25,7) (S 46,25,26) (S 48,26,1) (S 1,1,1) (S 49,26,28) (S 50,28,6) (S 6,6,6) (S 98,71,19) (S 19,19,19)
0 1 8 181 946 10 (D 1,1,1) (S 11,11,11) (S 105,11,77) (S 34,5,77) (S 32,5,12) (S 10,10,10) (S 104,10,77) (S 35,10,17) (S 39,18,20) (S 97,71,72)
0 1 9 189 656 4 (D 1,1,1) (S 82,57,58) (S 17,17,17) (S 65,17,44)
0 1 10 173 853 9 (D 1,1,1) (S 78,20,53) (S 44,20,25) (S 51,25,6) (S 47,23,26) (S 102,23,7) (S 53,23,2) (S 2,2,2) (S 52,30,2)
0 1 11 179 868 6 (D 1,1,1) (S 37,18,19) (S 79,19,8) (S 38,19,20) (S 40,19,21) (S 36,10,18)
0 1 12 173 872 4 (D 1,1,1) (S 101,18,72) (S 100,19,74) (S 96,70,71)
0 1 13 176 875 6 (D 1,1,1) (S 16,16,16) (S 61,16,39) (S 55,32,33) (S 58,33,36) (S 59,33,16)
0 1 14 131 839 4 (D 1,1,1) (S 54,2,32) (S 56,32,13) (S 13,13,13)
0 1 15 86 734 2 (D 1,1,1) (S 57,32,35)