605
8
688100
100
0 1 1 65 36 10 (D 1,1,1) (S 22,1,1) (S 1,1,1) (S 47,1,6) (S 6,6,6) (S 55,6,10) (S 51,10,6) (S 64,6,10) (S 32,10,10) (S 27,10,3)
0 1 2 65 70 8 (D 1,1,1) (S 3,3,3) (S 29,3,5) (S 5,5,5) (S 36,5,13) (S 46,13,5) (S 44,5,9) (S 53,22,19)
0 1 3 64 76 8 (D 1,1,1) (S 50,3,1) (S 65,6,1) (S 28,10,19) (S 30,19,10) (S 10,10,10) (S 35,10,9) (S 45,9,17)
0 1 4 65 79 10 (D 1,1,1) (S 25,5,4) (S 4,4,4) (S 59,4,2) (S 2,2,2) (S 42,4,8) (S 8,8,8) (S 62,8,7) (S 56,7,8) (S 63,20,16)
0 1 5 65 58 7 (D 1,1,1) (S 52,13,11) (S 11,11,11) (S 60,11,7) (S 7,7,7) (S 40,7,11) (S 39,17,9)
0 1 6 64 88 8 (D 1,1,1) (S 43,6,4) (S 58,6,7) (S 14,14,14) (S 61,14,19) (S 19,19,19) (S 37,19,22) (S 48,22,14)
0 1 7 61 82 11 (D 1,1,1) (S 31,17,12) (S 12,12,12) (S 54,12,10) (S 34,17,22) (S 33,22,16) (S 16,16,16) (S 49,16,19) (S 20,20,20) (S 21,20,17) (S 17,17,17)
0 1 8 62 116 8 (D 1,1,1) (S 41,17,13) (S 23,24,18) (S 18,18,18) (S 24,18,27) (S 26,27,24) (S 38,20,19) (S 57,17,12)