5906
9
4478000
200
0 1 1 1874 431 9 (D 1,1,1) (S 28,1,1) (S 1,1,1) (S 2,2,2) (S 29,2,3) (S 3,3,3) (S 38,11,4) (S 39,11,10) (S 34,9,7)
0 1 2 1853 567 9 (D 1,1,1) (S 7,7,7) (S 33,7,6) (S 6,6,6) (S 32,6,9) (S 9,9,9) (S 42,9,10) (S 10,10,10) (S 25,14,20)
0 1 3 1835 622 8 (D 1,1,1) (S 31,6,1) (S 35,9,10) (S 43,10,11) (S 11,11,11) (S 45,16,10) (S 36,10,3) (S 40,11,8)
0 1 4 1846 692 10 (D 1,1,1) (S 44,10,20) (S 51,20,21) (S 21,21,21) (S 26,21,20) (S 20,20,20) (S 27,21,29) (S 62,29,22) (S 65,23,32) (S 58,18,17)
0 1 5 1831 742 9 (D 1,1,1) (S 5,5,5) (S 30,5,8) (S 8,8,8) (S 41,8,11) (S 37,10,16) (S 46,16,12) (S 12,12,12) (S 57,18,12)
0 1 6 1827 678 8 (D 1,1,1) (S 47,16,16) (S 16,16,16) (S 53,16,17) (S 17,17,17) (S 55,17,16) (S 54,16,29) (S 61,26,23)
0 1 7 1863 744 8 (D 1,1,1) (S 50,20,14) (S 14,14,14) (S 15,15,15) (S 52,15,20) (S 22,22,22) (S 60,26,16) (S 56,17,26)
0 1 8 1860 738 7 (D 1,1,1) (S 24,12,13) (S 13,13,13) (S 49,13,19) (S 19,19,19) (S 59,19,18) (S 64,22,23)
0 1 9 687 692 3 (D 1,1,1) (S 48,13,8) (S 63,22,26)