725
10
4786900
99
0 1 1 75 56 17 (D 1,1,1) (S 40,1,5) (S 73,5,6) (S 6,6,6) (S 38,6,19) (S 39,19,18) (S 82,18,14) (S 14,14,14) (S 65,14,30) (S 86,30,14) (S 67,14,18) (S 99,18,29) (S 30,29,17) (S 44,17,34) (S 103,34,30) (S 106,30,34) (S 88,40,23)
0 1 2 75 46 13 (D 1,1,1) (S 3,3,3) (S 100,3,7) (S 7,7,7) (S 83,7,8) (S 8,8,8) (S 98,8,7) (S 29,7,20) (S 47,20,19) (S 78,19,14) (S 25,14,34) (S 109,23,40) (S 62,41,48)
0 1 3 75 72 13 (D 1,1,1) (S 52,3,5) (S 60,5,18) (S 57,6,7) (S 114,8,3) (S 85,8,4) (S 4,4,4) (S 24,4,2) (S 33,2,1) (S 1,1,1) (S 43,1,2) (S 2,2,2) (S 63,5,8)
0 1 4 74 69 15 (D 1,1,1) (S 54,20,21) (S 51,21,15) (S 15,15,15) (S 37,15,35) (S 59,35,34) (S 45,34,40) (S 53,40,41) (S 66,41,49) (S 94,49,41) (S 69,48,41) (S 89,48,49) (S 28,49,22) (S 22,22,22) (S 113,42,22)
0 1 5 75 90 14 (D 1,1,1) (S 112,20,30) (S 49,15,36) (S 107,36,42) (S 91,42,36) (S 48,36,35) (S 104,35,41) (S 97,49,48) (S 55,49,50) (S 115,50,45) (S 61,45,21) (S 21,21,21) (S 96,21,45) (S 74,45,50)
0 1 6 75 79 15 (D 1,1,1) (S 58,4,8) (S 9,9,9) (S 36,9,8) (S 111,8,4) (S 95,4,3) (S 27,9,11) (S 11,11,11) (S 75,21,11) (S 46,15,12) (S 12,12,12) (S 105,12,16) (S 16,16,16) (S 77,16,18) (S 80,16,32)
0 1 7 75 62 11 (D 1,1,1) (S 90,2,1) (S 41,15,5) (S 5,5,5) (S 64,5,16) (S 31,16,15) (S 79,12,13) (S 13,13,13) (S 70,13,32) (S 92,32,16) (S 56,16,12)
0 1 8 74 91 13 (D 1,1,1) (S 119,8,5) (S 110,16,13) (S 26,25,28) (S 71,28,32) (S 35,32,18) (S 18,18,18) (S 76,18,36) (S 72,42,41) (S 17,17,17) (S 50,17,46) (S 84,46,23) (S 42,22,50)
0 1 9 71 105 13 (D 1,1,1) (S 117,16,5) (S 32,16,10) (S 10,10,10) (S 102,10,10) (S 118,10,10) (S 101,28,19) (S 19,19,19) (S 34,19,21) (S 68,21,42) (S 108,50,21) (S 81,45,19) (S 93,19,28)
0 1 10 18 55 3 (D 1,1,1) (S 116,18,19) (S 87,32,19)