979
9
2221200
100
0 1 1 75 50 17 (D 1,1,1) (S 46,1,7) (S 75,7,4) (S 4,4,4) (S 36,4,5) (S 5,5,5) (S 37,5,3) (S 45,3,1) (S 1,1,1) (S 62,3,2) (S 2,2,2) (S 60,2,10) (S 65,10,8) (S 8,8,8) (S 32,8,7) (S 57,8,16) (S 41,16,10)
0 1 2 75 70 12 (D 1,1,1) (S 73,7,1) (S 50,4,1) (S 34,10,11) (S 33,11,9) (S 9,9,9) (S 79,9,11) (S 11,11,11) (S 58,11,10) (S 10,10,10) (S 43,16,8) (S 29,16,11)
0 1 3 74 64 9 (D 1,1,1) (S 38,8,25) (S 31,25,14) (S 14,14,14) (S 56,14,13) (S 13,13,13) (S 77,13,14) (S 52,14,7) (S 86,11,12)
0 1 4 75 137 12 (D 1,1,1) (S 42,2,3) (S 82,11,3) (S 3,3,3) (S 78,6,12) (S 53,12,6) (S 68,12,11) (S 35,9,16) (S 80,11,15) (S 76,15,12) (S 12,12,12) (S 26,26,26)
0 1 5 75 133 11 (D 1,1,1) (S 6,6,6) (S 84,6,7) (S 63,6,13) (S 16,16,16) (S 85,16,13) (S 66,25,26) (S 54,26,25) (S 30,25,18) (S 21,21,21) (S 70,21,22)
0 1 6 74 114 10 (D 1,1,1) (S 81,18,22) (S 83,22,28) (S 88,28,22) (S 59,28,15) (S 15,15,15) (S 48,15,33) (S 51,33,15) (S 69,26,25) (S 25,25,25)
0 1 7 74 138 9 (D 1,1,1) (S 49,26,19) (S 19,19,19) (S 47,26,10) (S 17,17,17) (S 39,17,18) (S 18,18,18) (S 71,21,25) (S 55,25,24)
0 1 8 74 144 11 (D 1,1,1) (S 20,20,20) (S 64,20,24) (S 24,24,24) (S 40,24,25) (S 74,25,22) (S 22,22,22) (S 28,22,26) (S 67,25,21) (S 61,20,16) (S 23,23,23)
0 1 9 17 129 5 (D 1,1,1) (S 44,23,33) (S 87,23,22) (S 27,27,27) (S 72,27,26)