731
8
1531800
99
0 1 1 73 65 12 (D 1,1,1) (S 50,1,2) (S 2,2,2) (S 63,2,1) (S 49,1,3) (S 3,3,3) (S 53,3,1) (S 36,1,2) (S 54,2,4) (S 4,4,4) (S 52,4,9) (S 27,9,5)
0 1 2 74 48 10 (D 1,1,1) (S 40,2,12) (S 38,12,7) (S 7,7,7) (S 33,7,14) (S 34,14,8) (S 8,8,8) (S 78,8,9) (S 77,9,8) (S 72,14,11)
0 1 3 74 71 10 (D 1,1,1) (S 69,2,18) (S 57,18,12) (S 23,12,10) (S 10,10,10) (S 28,10,25) (S 43,25,30) (S 24,30,19) (S 19,19,19) (S 74,25,19)
0 1 4 75 94 13 (D 1,1,1) (S 47,12,18) (S 75,18,19) (S 79,30,25) (S 25,25,16) (S 16,16,16) (S 80,16,11) (S 11,11,11) (S 76,11,14) (S 66,11,16) (S 37,16,17) (S 21,21,21) (S 59,12,11)
0 1 5 74 113 12 (D 1,1,1) (S 26,2,7) (S 68,7,3) (S 73,10,18) (S 35,30,20) (S 20,20,20) (S 58,21,20) (S 64,21,22) (S 22,22,22) (S 31,22,34) (S 42,34,18) (S 71,18,17)
0 1 6 73 98 9 (D 1,1,1) (S 12,12,12) (S 32,12,13) (S 13,13,13) (S 15,15,15) (S 41,15,34) (S 56,34,15) (S 48,17,6) (S 61,6,17)
0 1 7 74 92 11 (D 1,1,1) (S 30,9,3) (S 62,3,5) (S 5,5,5) (S 29,5,1) (S 1,1,1) (S 39,1,6) (S 6,6,6) (S 67,6,5) (S 70,5,6) (S 44,5,6)
0 1 8 72 150 9 (D 1,1,1) (S 65,3,1) (S 45,3,2) (S 9,9,9) (S 51,9,8) (S 55,9,14) (S 14,14,14) (S 46,17,15) (S 60,5,1)