199
10
744500
100
0 1 1 27 18 8 (D 1,1,1) (S 18,1,1) (S 33,1,5) (S 5,5,5) (S 12,5,7) (S 14,7,4) (S 16,4,6) (S 34,2,11)
0 1 2 27 25 9 (D 1,1,1) (S 41,1,3) (S 3,3,3) (S 23,3,5) (S 25,5,6) (S 35,6,11) (S 38,1,7) (S 26,1,2) (S 31,2,4)
0 1 3 27 6 4 (D 1,1,1) (S 13,1,11) (S 45,1,6) (S 6,6,6)
0 1 4 27 19 6 (D 1,1,1) (S 32,1,4) (S 4,4,4) (S 20,4,5) (S 28,5,8) (S 8,8,8)
0 1 5 27 25 7 (D 1,1,1) (S 44,1,5) (S 36,5,9) (S 9,9,9) (S 19,9,11) (S 22,1,11) (S 46,2,5)
0 1 6 27 19 5 (D 1,1,1) (S 1,1,1) (S 39,1,6) (S 27,3,4) (S 21,3,8)
0 1 7 27 16 4 (D 1,1,1) (S 30,1,2) (S 2,2,2) (S 40,7,11)
0 1 8 27 27 5 (D 1,1,1) (S 17,1,9) (S 10,2,8) (S 11,8,7) (S 24,2,7)
0 1 9 27 30 5 (D 1,1,1) (S 15,1,8) (S 37,8,9) (S 29,3,9) (S 43,4,8)
0 1 10 15 14 3 (D 1,1,1) (S 47,3,11) (S 42,3,6)