489
10
2004999
100
0 1 1 50 22 11 (D 1,1,1) (S 44,1,1) (S 1,1,1) (S 37,1,1) (S 32,1,22) (S 22,22,22) (S 34,22,21) (S 21,21,21) (S 20,20,20) (S 24,20,19) (S 39,4,22)
0 1 2 50 40 8 (D 1,1,1) (S 56,1,30) (S 41,30,1) (S 28,1,8) (S 23,8,6) (S 6,6,6) (S 50,6,3) (S 3,3,3)
0 1 3 49 32 7 (D 1,1,1) (S 2,2,2) (S 48,2,1) (S 35,22,6) (S 54,6,8) (S 8,8,8) (S 43,8,9)
0 1 4 50 35 8 (D 1,1,1) (S 33,22,28) (S 53,28,19) (S 19,19,19) (S 4,4,4) (S 52,4,6) (S 61,6,4) (S 7,7,7)
0 1 5 49 76 10 (D 1,1,1) (S 49,30,21) (S 51,7,4) (S 47,14,7) (S 40,14,11) (S 11,11,11) (S 38,16,12) (S 12,12,12) (S 58,12,8) (S 62,13,15)
0 1 6 49 44 7 (D 1,1,1) (S 26,3,10) (S 10,10,10) (S 25,10,14) (S 14,14,14) (S 42,14,22) (S 13,13,13)
0 1 7 49 75 8 (D 1,1,1) (S 27,8,9) (S 9,9,9) (S 57,9,8) (S 55,9,13) (S 60,13,14) (S 46,14,20) (S 59,14,13)
0 1 8 46 35 4 (D 1,1,1) (S 5,5,5) (S 36,5,6) (S 16,16,16)
0 1 9 43 77 6 (D 1,1,1) (S 45,16,19) (S 29,16,18) (S 18,18,18) (S 15,15,15) (S 30,15,22)
0 1 10 11 53 2 (D 1,1,1) (S 31,22,20)