465
9
1701300
0
0 1 1 50 19 11 (D 1,1,1) (S 61,1,1) (S 1,1,1) (S 50,1,2) (S 2,2,2) (S 47,2,1) (S 63,1,1) (S 27,1,31) (S 57,31,4) (S 4,4,4) (S 43,4,5)
0 1 2 50 36 9 (D 1,1,1) (S 36,1,17) (S 17,17,17) (S 20,2,3) (S 3,3,3) (S 26,3,13) (S 54,13,8) (S 8,8,8) (S 49,8,11)
0 1 3 49 44 10 (D 1,1,1) (S 32,31,29) (S 59,29,28) (S 28,28,31) (S 31,31,5) (S 5,5,5) (S 40,5,11) (S 42,11,5) (S 46,11,8) (S 45,10,9)
0 1 4 50 42 9 (D 1,1,1) (S 34,4,10) (S 58,10,11) (S 11,11,11) (S 55,17,11) (S 62,17,11) (S 30,11,10) (S 48,10,4) (S 9,9,9)
0 1 5 49 43 5 (D 1,1,1) (S 33,9,13) (S 18,13,13) (S 13,13,13) (S 35,13,22)
0 1 6 49 65 8 (D 1,1,1) (S 44,9,3) (S 56,8,12) (S 12,12,12) (S 51,12,8) (S 29,8,7) (S 7,7,7) (S 39,9,10)
0 1 7 50 46 8 (D 1,1,1) (S 64,29,17) (S 16,16,16) (S 24,16,24) (S 21,24,23) (S 37,23,15) (S 15,15,15) (S 41,28,15)
0 1 8 45 94 7 (D 1,1,1) (S 6,6,6) (S 38,6,5) (S 10,10,10) (S 60,10,9) (S 25,23,14) (S 53,21,12)
0 1 9 47 76 5 (D 1,1,1) (S 52,6,7) (S 23,21,13) (S 19,22,21) (S 22,22,20)