31631
44
35782899
399
0 1 1 129 300 10 (D 1,1,1) (S 26,1,4) (S 4,4,4) (S 27,4,3) (S 125,3,4) (S 28,4,4) (S 126,4,4) (S 31,5,7) (S 129,7,5) (S 30,5,6)
0 1 2 130 290 5 (D 1,1,1) (S 124,4,1) (S 29,4,5) (S 5,5,5) (S 128,6,5)
0 1 3 129 334 5 (D 1,1,1) (S 107,4,69) (S 204,69,18) (S 106,18,69) (S 203,69,21)
0 1 4 130 522 6 (D 1,1,1) (S 127,5,4) (S 32,7,8) (S 130,8,7) (S 33,8,17) (S 35,10,11)
0 1 5 130 602 4 (D 1,1,1) (S 205,69,4) (S 18,18,18) (S 83,49,25)
0 1 6 129 400 7 (D 1,1,1) (S 193,18,21) (S 21,21,21) (S 95,21,18) (S 219,18,10) (S 10,10,10) (S 76,10,45)
0 1 7 130 440 5 (D 1,1,1) (S 194,18,11) (S 133,11,10) (S 132,10,17) (S 34,17,10)
0 1 8 129 592 9 (D 1,1,1) (S 17,17,17) (S 131,17,8) (S 36,11,12) (S 116,12,76) (S 214,76,12) (S 215,76,13) (S 13,13,13) (S 85,25,19)
0 1 9 130 682 6 (D 1,1,1) (S 105,21,69) (S 97,21,8) (S 8,8,8) (S 99,8,62) (S 218,51,21)
0 1 10 130 582 7 (D 1,1,1) (S 192,21,57) (S 191,57,42) (S 74,42,7) (S 7,7,7) (S 172,7,42) (S 167,15,16)
0 1 11 130 456 8 (D 1,1,1) (S 78,10,1) (S 1,1,1) (S 175,1,45) (S 174,45,10) (S 121,10,18) (S 77,45,1) (S 176,1,10)
0 1 12 130 716 7 (D 1,1,1) (S 173,10,7) (S 93,42,57) (S 171,42,11) (S 170,11,15) (S 72,15,11) (S 183,19,25)
0 1 13 128 580 12 (D 1,1,1) (S 79,1,47) (S 82,47,49) (S 180,49,47) (S 80,47,48) (S 178,48,47) (S 177,47,1) (S 84,49,51) (S 86,51,53) (S 184,53,51) (S 120,21,51) (S 185,53,19)
0 1 14 129 748 5 (D 1,1,1) (S 96,11,18) (S 122,8,67) (S 103,62,6) (S 189,56,55)
0 1 15 128 519 3 (D 1,1,1) (S 81,11,48) (S 25,25,25)
0 1 16 127 600 5 (D 1,1,1) (S 195,8,21) (S 98,8,61) (S 196,61,8) (S 201,6,62)
0 1 17 128 937 10 (D 1,1,1) (S 197,62,8) (S 100,62,63) (S 101,63,64) (S 199,64,63) (S 102,63,22) (S 200,22,63) (S 91,55,56) (S 69,16,15) (S 87,19,53)
0 1 18 128 805 6 (D 1,1,1) (S 123,62,67) (S 220,67,8) (S 221,67,62) (S 198,63,62) (S 168,16,35)
0 1 19 128 758 6 (D 1,1,1) (S 212,67,56) (S 190,56,42) (S 92,42,56) (S 114,56,67) (S 88,19,3)
0 1 20 130 590 10 (D 1,1,1) (S 37,12,16) (S 136,16,13) (S 39,13,14) (S 137,14,13) (S 41,13,77) (S 139,77,13) (S 38,13,16) (S 135,16,12) (S 117,13,76)
0 1 21 128 684 8 (D 1,1,1) (S 134,12,11) (S 119,76,77) (S 216,77,15) (S 138,15,14) (S 40,14,15) (S 118,15,77) (S 144,13,18)
0 1 22 129 653 5 (D 1,1,1) (S 179,48,11) (S 143,13,19) (S 181,25,49) (S 182,51,49)
0 1 23 128 591 9 (D 1,1,1) (S 188,25,19) (S 90,19,25) (S 187,53,24) (S 148,24,12) (S 12,12,12) (S 50,12,24) (S 146,12,21) (S 186,3,19)
0 1 24 128 1171 6 (D 1,1,1) (S 6,6,6) (S 104,6,68) (S 11,11,11) (S 70,35,16) (S 111,23,73)
0 1 25 130 908 8 (D 1,1,1) (S 48,21,12) (S 49,12,24) (S 24,24,24) (S 150,24,25) (S 52,25,24) (S 213,24,20) (S 207,23,71)
0 1 26 129 675 5 (D 1,1,1) (S 145,21,19) (S 45,19,13) (S 46,18,13) (S 141,18,15)
0 1 27 126 718 5 (D 1,1,1) (S 94,57,21) (S 169,11,35) (S 71,35,11) (S 73,11,42)
0 1 28 129 760 4 (D 1,1,1) (S 75,7,10) (S 89,24,53) (S 51,24,25)
0 1 29 130 872 6 (D 1,1,1) (S 44,18,19) (S 47,19,21) (S 142,19,18) (S 208,73,71) (S 110,71,73)
0 1 30 130 694 3 (D 1,1,1) (S 113,18,23) (S 23,23,23)
0 1 31 130 883 6 (D 1,1,1) (S 217,77,76) (S 42,15,17) (S 140,17,15) (S 43,15,18) (S 209,73,23)
0 1 32 130 805 9 (D 1,1,1) (S 147,24,12) (S 53,25,26) (S 152,26,20) (S 20,20,20) (S 54,20,26) (S 55,26,14) (S 14,14,14) (S 157,31,30)
0 1 33 129 1223 7 (D 1,1,1) (S 202,68,6) (S 16,16,16) (S 166,16,37) (S 67,37,38) (S 165,38,37) (S 109,71,23)
0 1 34 130 730 7 (D 1,1,1) (S 149,25,24) (S 58,25,29) (S 155,29,28) (S 57,28,29) (S 156,29,25) (S 151,26,25)
0 1 35 124 734 3 (D 1,1,1) (S 162,35,2) (S 2,2,2)
0 1 36 130 775 6 (D 1,1,1) (S 115,20,24) (S 60,20,31) (S 158,31,20) (S 56,26,28) (S 153,14,26)
0 1 37 123 848 4 (D 1,1,1) (S 68,37,16) (S 164,37,33) (S 65,33,36)
0 1 38 120 915 5 (D 1,1,1) (S 154,28,26) (S 61,31,2) (S 62,2,33) (S 59,30,31)
0 1 39 117 938 3 (D 1,1,1) (S 211,23,18) (S 112,73,74)
0 1 40 112 818 3 (D 1,1,1) (S 206,71,70) (S 108,70,71)
0 1 41 124 820 4 (D 1,1,1) (S 63,2,9) (S 9,9,9) (S 161,9,2)
0 1 42 115 1003 4 (D 1,1,1) (S 159,2,31) (S 160,33,2) (S 163,36,33)
0 1 43 111 1208 3 (D 1,1,1) (S 64,2,35) (S 210,74,73)
0 1 44 75 752 2 (D 1,1,1) (S 66,33,37)