550
10
5178200
200
0 1 1 70 23 12 (D 1,1,1) (S 69,1,8) (S 8,8,8) (S 42,8,13) (S 13,13,13) (S 95,13,18) (S 18,18,18) (S 74,18,12) (S 12,12,12) (S 56,12,17) (S 17,17,17) (S 43,17,20)
0 1 2 70 49 14 (D 1,1,1) (S 57,1,14) (S 14,14,14) (S 79,14,15) (S 15,15,15) (S 89,15,1) (S 78,1,15) (S 90,15,14) (S 87,23,14) (S 72,23,19) (S 19,19,19) (S 52,19,16) (S 51,16,18) (S 82,23,23)
0 1 3 70 46 11 (D 1,1,1) (S 4,4,4) (S 102,4,5) (S 5,5,5) (S 53,5,2) (S 2,2,2) (S 1,1,1) (S 94,1,2) (S 40,4,9) (S 9,9,9) (S 71,29,30)
0 1 4 69 48 11 (D 1,1,1) (S 86,9,16) (S 16,16,16) (S 67,18,19) (S 75,19,26) (S 26,26,26) (S 96,26,25) (S 25,25,25) (S 93,25,31) (S 81,31,47) (S 48,40,26)
0 1 5 70 42 14 (D 1,1,1) (S 49,23,22) (S 22,22,22) (S 66,22,21) (S 21,21,21) (S 61,21,28) (S 28,28,28) (S 91,28,33) (S 33,33,33) (S 39,33,42) (S 47,42,34) (S 77,34,28) (S 29,29,29) (S 62,37,30)
0 1 6 69 74 14 (D 1,1,1) (S 10,10,10) (S 70,10,11) (S 11,11,11) (S 76,10,5) (S 101,12,7) (S 7,7,7) (S 98,20,20) (S 20,20,20) (S 60,20,27) (S 27,27,27) (S 103,27,34) (S 83,26,20) (S 63,24,31)
0 1 7 68 57 11 (D 1,1,1) (S 44,22,23) (S 23,23,23) (S 97,23,19) (S 84,23,23) (S 45,22,29) (S 30,30,30) (S 55,30,24) (S 24,24,24) (S 59,37,23) (S 46,21,26)
0 1 8 70 98 13 (D 1,1,1) (S 65,18,13) (S 50,26,34) (S 32,32,32) (S 54,32,27) (S 73,33,28) (S 64,33,37) (S 37,37,37) (S 68,37,33) (S 34,34,34) (S 92,34,37) (S 36,36,36) (S 80,36,35)
0 1 9 68 65 6 (D 1,1,1) (S 88,47,40) (S 58,47,31) (S 31,31,31) (S 35,35,35) (S 41,35,50)
0 1 10 17 48 5 (D 1,1,1) (S 85,50,38) (S 38,38,38) (S 99,38,50) (S 100,38,37)