16305
27
26566800
300
0 1 1 1577 400 9 (D 1,1,1) (S 37,1,5) (S 5,5,5) (S 53,5,6) (S 6,6,6) (S 54,6,2) (S 38,2,1) (S 92,26,35) (S 112,35,44)
0 1 2 1568 673 11 (D 1,1,1) (S 39,2,6) (S 55,6,5) (S 52,5,1) (S 40,3,2) (S 41,4,8) (S 59,8,14) (S 60,14,21) (S 76,21,14) (S 77,21,22) (S 79,22,31)
0 1 3 1567 326 8 (D 1,1,1) (S 91,26,12) (S 12,12,12) (S 95,12,17) (S 17,17,17) (S 118,17,16) (S 16,16,16) (S 111,35,16)
0 1 4 1575 917 12 (D 1,1,1) (S 90,26,5) (S 110,35,26) (S 93,12,6) (S 7,7,7) (S 56,7,10) (S 10,10,10) (S 97,13,38) (S 96,13,14) (S 101,14,15) (S 129,19,20) (S 179,65,66)
0 1 5 1572 525 8 (D 1,1,1) (S 42,5,4) (S 43,5,1) (S 1,1,1) (S 45,1,15) (S 63,15,9) (S 65,9,17) (S 80,11,32)
0 1 6 1560 404 6 (D 1,1,1) (S 44,5,14) (S 78,21,15) (S 15,15,15) (S 102,15,21) (S 75,20,14)
0 1 7 1563 712 12 (D 1,1,1) (S 94,12,13) (S 13,13,13) (S 98,13,18) (S 18,18,18) (S 123,18,22) (S 22,22,22) (S 144,23,40) (S 157,54,34) (S 156,54,55) (S 178,65,55) (S 153,52,53)
0 1 8 1576 777 10 (D 1,1,1) (S 131,44,35) (S 132,44,45) (S 133,45,21) (S 21,21,21) (S 134,21,45) (S 135,21,31) (S 31,31,31) (S 170,31,30) (S 165,28,27)
0 1 9 1571 440 6 (D 1,1,1) (S 115,16,17) (S 117,17,12) (S 114,16,35) (S 116,16,44) (S 113,16,12)
0 1 10 1540 528 8 (D 1,1,1) (S 8,8,8) (S 58,8,7) (S 73,10,13) (S 119,38,18) (S 121,18,14) (S 138,47,22) (S 136,47,38)
0 1 11 1558 521 9 (D 1,1,1) (S 57,8,4) (S 2,2,2) (S 47,2,3) (S 3,3,3) (S 49,3,4) (S 4,4,4) (S 70,18,17) (S 67,17,3)
0 1 12 1566 579 10 (D 1,1,1) (S 46,2,1) (S 48,2,9) (S 9,9,9) (S 66,9,11) (S 11,11,11) (S 86,24,33) (S 105,33,32) (S 125,41,32) (S 81,24,9)
0 1 13 1576 703 9 (D 1,1,1) (S 74,20,21) (S 103,15,25) (S 25,25,25) (S 148,25,41) (S 126,41,19) (S 128,19,41) (S 149,25,52) (S 182,66,35)
0 1 14 1576 514 7 (D 1,1,1) (S 29,29,29) (S 167,29,30) (S 30,30,30) (S 169,30,29) (S 168,30,45) (S 137,47,21)
0 1 15 1578 743 9 (D 1,1,1) (S 62,15,14) (S 61,15,1) (S 50,3,17) (S 69,17,18) (S 72,18,25) (S 88,25,18) (S 71,18,24) (S 150,25,26)
0 1 16 1567 588 8 (D 1,1,1) (S 14,14,14) (S 99,14,20) (S 100,14,13) (S 120,38,47) (S 141,22,23) (S 140,22,47) (S 172,32,31)
0 1 17 1557 530 6 (D 1,1,1) (S 122,18,40) (S 23,23,23) (S 145,23,24) (S 24,24,24) (S 160,55,65)
0 1 18 1576 705 9 (D 1,1,1) (S 124,18,23) (S 143,23,18) (S 139,22,18) (S 142,22,33) (S 174,33,32) (S 32,32,32) (S 181,66,65) (S 158,55,54)
0 1 19 1541 668 6 (D 1,1,1) (S 64,9,2) (S 51,4,3) (S 68,17,9) (S 83,24,11) (S 84,24,25)
0 1 20 1546 657 7 (D 1,1,1) (S 171,31,32) (S 173,32,33) (S 33,33,33) (S 34,34,34) (S 163,26,66) (S 184,35,66)
0 1 21 1457 708 7 (D 1,1,1) (S 104,31,15) (S 106,33,34) (S 108,34,25) (S 89,25,24) (S 82,24,17) (S 151,52,19)
0 1 22 1474 560 7 (D 1,1,1) (S 87,24,34) (S 109,34,20) (S 20,20,20) (S 130,20,53) (S 154,53,20) (S 107,34,24)
0 1 23 1491 603 5 (D 1,1,1) (S 85,24,32) (S 19,19,19) (S 127,19,33) (S 152,52,25)
0 1 24 1418 548 6 (D 1,1,1) (S 155,54,23) (S 147,24,55) (S 159,55,26) (S 26,26,26) (S 162,26,55)
0 1 25 1402 665 6 (D 1,1,1) (S 146,24,23) (S 175,34,54) (S 176,34,33) (S 177,34,65) (S 180,66,26)
0 1 26 1552 727 9 (D 1,1,1) (S 161,26,25) (S 27,27,27) (S 164,27,26) (S 28,28,28) (S 166,28,36) (S 36,36,36) (S 35,35,35) (S 185,35,36)
0 1 27 296 584 2 (D 1,1,1) (S 183,35,27)