11980
14
22979300
199
0 1 1 150 491 10 (D 1,1,1) (S 107,1,116) (S 108,116,117) (S 110,117,119) (S 109,2,117) (S 30,30,30) (S 106,12,30) (S 105,112,12) (S 101,107,110) (S 91,86,87)
0 1 2 148 690 9 (D 1,1,1) (S 111,30,38) (S 38,38,38) (S 90,85,86) (S 26,26,26) (S 89,26,85) (S 9,9,9) (S 66,33,18) (S 65,34,45)
0 1 3 148 490 5 (D 1,1,1) (S 104,107,112) (S 99,107,108) (S 100,108,109) (S 102,110,111)
0 1 4 148 837 12 (D 1,1,1) (S 103,110,112) (S 98,106,107) (S 97,105,106) (S 96,104,105) (S 95,102,104) (S 76,66,67) (S 78,67,69) (S 79,69,71) (S 80,71,72) (S 77,67,68) (S 71,55,56)
0 1 5 149 609 8 (D 1,1,1) (S 29,29,29) (S 112,29,126) (S 113,126,130) (S 88,9,26) (S 13,13,13) (S 87,13,9) (S 86,79,13)
0 1 6 150 952 9 (D 1,1,1) (S 37,37,37) (S 85,37,79) (S 84,77,37) (S 18,18,18) (S 83,18,77) (S 33,33,33) (S 60,4,39) (S 94,97,98)
0 1 7 149 963 8 (D 1,1,1) (S 81,72,73) (S 64,44,45) (S 57,34,24) (S 24,24,24) (S 67,33,24) (S 68,2,6) (S 53,28,39)
0 1 8 150 904 10 (D 1,1,1) (S 73,63,36) (S 36,36,36) (S 74,36,65) (S 22,22,22) (S 72,22,63) (S 75,22,66) (S 92,95,96) (S 93,96,97) (S 70,20,55)
0 1 9 149 708 6 (D 1,1,1) (S 63,33,44) (S 82,44,73) (S 10,10,10) (S 62,10,33) (S 58,1,10)
0 1 10 146 1119 8 (D 1,1,1) (S 1,1,1) (S 59,1,4) (S 4,4,4) (S 61,39,40) (S 6,6,6) (S 114,55,140) (S 54,28,19)
0 1 11 149 1037 8 (D 1,1,1) (S 69,6,140) (S 15,15,15) (S 56,15,33) (S 45,15,12) (S 46,12,14) (S 14,14,14) (S 48,7,22)
0 1 12 148 1007 7 (D 1,1,1) (S 115,15,27) (S 52,27,28) (S 19,19,19) (S 55,19,32) (S 51,21,27) (S 50,24,21)
0 1 13 139 1165 6 (D 1,1,1) (S 47,14,14) (S 7,7,7) (S 49,7,24) (S 43,8,9) (S 42,32,8)
0 1 14 143 1008 5 (D 1,1,1) (S 44,8,15) (S 5,5,5) (S 41,5,32) (S 32,32,32)