361
10
1800799
200
0 1 1 27 43 6 (D 1,1,1) (S 18,1,17) (S 45,15,17) (S 33,15,10) (S 10,10,10) (S 43,11,22)
0 1 2 27 25 6 (D 1,1,1) (S 17,1,24) (S 30,24,13) (S 13,13,13) (S 5,5,5) (S 14,5,3)
0 1 3 27 18 5 (D 1,1,1) (S 27,1,3) (S 20,3,3) (S 3,3,3) (S 36,1,12)
0 1 4 26 27 5 (D 1,1,1) (S 22,1,15) (S 16,13,7) (S 7,7,7) (S 28,12,9)
0 1 5 26 73 8 (D 1,1,1) (S 15,2,12) (S 29,12,13) (S 32,13,15) (S 25,7,8) (S 8,8,8) (S 41,2,1) (S 40,23,26)
0 1 6 27 14 5 (D 1,1,1) (S 1,1,1) (S 19,1,6) (S 6,6,6) (S 35,3,6)
0 1 7 25 30 5 (D 1,1,1) (S 37,1,3) (S 2,2,2) (S 24,2,3) (S 44,3,1)
0 1 8 27 61 6 (D 1,1,1) (S 23,5,9) (S 34,26,13) (S 26,23,24) (S 21,22,12) (S 12,12,12)
0 1 9 25 40 5 (D 1,1,1) (S 39,22,23) (S 42,18,11) (S 11,11,11) (S 31,11,23)
0 1 10 7 30 2 (D 1,1,1) (S 38,18,12)