23139
27
41719100
200
0 1 1 1755 424 10 (D 1,1,1) (S 71,1,1) (S 1,1,1) (S 72,1,14) (S 80,14,13) (S 6,6,6) (S 94,6,7) (S 95,7,25) (S 83,16,4) (S 88,19,3)
0 1 2 1750 937 8 (D 1,1,1) (S 81,14,7) (S 7,7,7) (S 96,25,8) (S 8,8,8) (S 97,9,38) (S 76,3,5) (S 185,43,37)
0 1 3 1750 812 9 (D 1,1,1) (S 73,4,16) (S 82,15,14) (S 93,6,13) (S 112,43,44) (S 113,45,36) (S 14,14,14) (S 99,28,10) (S 62,11,12)
0 1 4 1754 924 10 (D 1,1,1) (S 74,5,6) (S 3,3,3) (S 75,3,8) (S 5,5,5) (S 91,5,30) (S 89,19,18) (S 86,18,6) (S 157,32,31) (S 201,51,112)
0 1 5 1755 881 10 (D 1,1,1) (S 84,17,5) (S 85,17,9) (S 9,9,9) (S 98,28,9) (S 107,14,36) (S 106,14,25) (S 87,18,19) (S 101,11,21) (S 164,80,29)
0 1 6 1754 715 9 (D 1,1,1) (S 90,5,8) (S 77,10,11) (S 78,11,4) (S 4,4,4) (S 79,4,11) (S 104,12,32) (S 110,40,32) (S 128,52,41)
0 1 7 1752 529 10 (D 1,1,1) (S 114,45,44) (S 17,17,17) (S 115,17,45) (S 116,17,23) (S 23,23,23) (S 138,23,56) (S 136,56,66) (S 151,66,67) (S 134,55,44)
0 1 8 1751 686 8 (D 1,1,1) (S 18,18,18) (S 119,18,19) (S 19,19,19) (S 120,19,20) (S 20,20,20) (S 122,20,15) (S 133,22,55)
0 1 9 1752 1212 12 (D 1,1,1) (S 118,18,38) (S 117,18,14) (S 137,23,17) (S 64,23,67) (S 28,28,28) (S 152,28,79) (S 163,78,67) (S 139,58,23) (S 135,55,56) (S 121,19,24) (S 194,46,41)
0 1 10 1756 904 7 (D 1,1,1) (S 11,11,11) (S 102,11,30) (S 100,11,5) (S 63,22,32) (S 92,22,21) (S 153,29,24)
0 1 11 1753 691 10 (D 1,1,1) (S 124,20,24) (S 24,24,24) (S 141,24,29) (S 29,29,29) (S 154,29,28) (S 140,24,28) (S 166,81,94) (S 178,94,48) (S 198,48,47)
0 1 12 1737 778 12 (D 1,1,1) (S 123,20,50) (S 126,50,51) (S 127,51,25) (S 25,25,25) (S 144,25,60) (S 143,60,32) (S 32,32,32) (S 66,35,95) (S 48,48,48) (S 197,48,94) (S 196,47,42)
0 1 13 1745 1023 9 (D 1,1,1) (S 103,32,11) (S 125,50,11) (S 111,40,51) (S 129,52,26) (S 26,26,26) (S 160,74,26) (S 142,60,50) (S 147,63,26)
0 1 14 1749 1094 9 (D 1,1,1) (S 15,15,15) (S 108,15,10) (S 10,10,10) (S 13,13,13) (S 105,13,16) (S 130,21,52) (S 158,33,25) (S 207,57,47)
0 1 15 1744 1021 9 (D 1,1,1) (S 109,15,38) (S 22,22,22) (S 132,22,43) (S 191,104,91) (S 68,104,45) (S 45,45,45) (S 190,45,44) (S 149,27,55)
0 1 16 1757 671 10 (D 1,1,1) (S 192,104,46) (S 46,46,46) (S 195,46,104) (S 193,104,55) (S 55,55,55) (S 206,55,116) (S 205,116,45) (S 44,44,44) (S 204,54,44)
0 1 17 1746 856 8 (D 1,1,1) (S 148,64,27) (S 27,27,27) (S 150,27,66) (S 42,42,42) (S 176,42,47) (S 47,47,47) (S 199,49,50)
0 1 18 1719 737 7 (D 1,1,1) (S 31,31,31) (S 156,31,35) (S 35,35,35) (S 179,95,94) (S 177,94,42) (S 67,49,96)
0 1 19 1719 1001 9 (D 1,1,1) (S 155,31,30) (S 30,30,30) (S 167,83,32) (S 36,36,36) (S 168,36,33) (S 33,33,33) (S 159,33,32) (S 211,60,123)
0 1 20 1729 742 6 (D 1,1,1) (S 165,81,30) (S 49,49,49) (S 69,49,60) (S 60,60,60) (S 209,59,108)
0 1 21 1716 1095 10 (D 1,1,1) (S 162,76,38) (S 38,38,38) (S 172,38,76) (S 173,38,101) (S 189,44,54) (S 54,54,54) (S 188,44,101) (S 52,52,52) (S 203,52,126)
0 1 22 1710 818 8 (D 1,1,1) (S 145,26,25) (S 146,26,74) (S 34,34,34) (S 65,34,87) (S 171,87,37) (S 37,37,37) (S 184,98,51)
0 1 23 1738 988 7 (D 1,1,1) (S 40,40,40) (S 175,40,91) (S 39,39,39) (S 174,39,44) (S 58,58,58) (S 182,98,97)
0 1 24 1679 958 8 (D 1,1,1) (S 21,21,21) (S 131,21,63) (S 161,34,63) (S 169,85,36) (S 170,85,98) (S 183,98,43) (S 186,43,98)
0 1 25 1605 802 6 (D 1,1,1) (S 208,58,48) (S 50,50,50) (S 70,50,51) (S 51,51,51) (S 202,112,43)
0 1 26 1732 919 6 (D 1,1,1) (S 200,50,123) (S 59,59,59) (S 210,59,58) (S 43,43,43) (S 180,97,96)
0 1 27 1172 921 5 (D 1,1,1) (S 181,97,50) (S 187,43,100) (S 61,61,61) (S 212,61,51)