491
10
2617500
100
0 1 1 70 31 14 (D 1,1,1) (S 58,1,4) (S 4,4,4) (S 1,1,1) (S 80,1,2) (S 2,2,2) (S 60,2,3) (S 3,3,3) (S 65,7,10) (S 10,10,10) (S 86,10,9) (S 9,9,9) (S 5,5,5) (S 79,5,9)
0 1 2 70 29 8 (D 1,1,1) (S 85,1,8) (S 8,8,8) (S 82,8,15) (S 15,15,15) (S 45,15,31) (S 62,31,27) (S 27,27,27)
0 1 3 70 35 13 (D 1,1,1) (S 51,1,13) (S 13,13,13) (S 49,13,21) (S 21,21,21) (S 46,13,12) (S 12,12,12) (S 42,12,7) (S 7,7,7) (S 75,12,19) (S 19,19,19) (S 54,19,18) (S 98,17,22)
0 1 4 70 46 13 (D 1,1,1) (S 14,14,14) (S 103,14,15) (S 106,15,26) (S 26,26,26) (S 108,26,32) (S 32,32,32) (S 87,32,31) (S 71,31,32) (S 40,26,31) (S 84,31,30) (S 67,30,31) (S 99,37,31)
0 1 5 70 36 14 (D 1,1,1) (S 90,14,13) (S 20,20,20) (S 47,20,24) (S 24,24,24) (S 89,24,23) (S 23,23,23) (S 88,23,29) (S 29,29,29) (S 48,29,30) (S 30,30,30) (S 96,31,37) (S 69,37,25) (S 76,25,37)
0 1 6 70 77 13 (D 1,1,1) (S 52,5,7) (S 56,10,16) (S 16,16,16) (S 38,9,18) (S 72,18,16) (S 78,27,31) (S 105,32,40) (S 25,25,25) (S 102,25,20) (S 81,20,25) (S 50,25,24) (S 77,19,12)
0 1 7 69 72 15 (D 1,1,1) (S 11,11,11) (S 95,11,19) (S 101,19,11) (S 93,11,6) (S 6,6,6) (S 97,6,11) (S 107,26,22) (S 22,22,22) (S 100,22,26) (S 43,26,23) (S 39,26,34) (S 83,34,29) (S 55,33,42) (S 92,28,22)
0 1 8 68 49 10 (D 1,1,1) (S 74,22,17) (S 17,17,17) (S 28,28,28) (S 94,28,34) (S 44,34,42) (S 57,42,41) (S 33,33,33) (S 64,33,34) (S 34,34,34)
0 1 9 64 80 13 (D 1,1,1) (S 68,46,35) (S 35,35,35) (S 66,35,34) (S 41,46,50) (S 63,50,37) (S 37,37,37) (S 61,37,35) (S 59,35,37) (S 104,37,48) (S 73,48,37) (S 53,50,35) (S 70,48,33)
0 1 10 17 36 3 (D 1,1,1) (S 36,36,36) (S 91,36,40)