14321
25
24545000
200
0 1 1 1718 306 11 (D 1,1,1) (S 70,1,1) (S 1,1,1) (S 72,1,9) (S 9,9,9) (S 8,8,8) (S 83,8,19) (S 99,19,20) (S 20,20,20) (S 124,31,32) (S 88,12,11)
0 1 2 1724 431 9 (D 1,1,1) (S 71,1,2) (S 2,2,2) (S 73,2,10) (S 10,10,10) (S 84,10,21) (S 102,21,30) (S 142,38,31) (S 173,55,56)
0 1 3 1717 642 8 (D 1,1,1) (S 82,8,1) (S 19,19,19) (S 64,19,28) (S 28,28,28) (S 66,36,44) (S 158,58,45) (S 174,58,57)
0 1 4 1709 459 9 (D 1,1,1) (S 101,20,21) (S 21,21,21) (S 30,30,30) (S 123,30,47) (S 139,47,37) (S 37,37,37) (S 141,47,58) (S 172,54,55)
0 1 5 1706 654 8 (D 1,1,1) (S 100,20,9) (S 36,36,36) (S 137,36,37) (S 138,37,47) (S 140,47,38) (S 162,48,58) (S 166,62,59)
0 1 6 1719 528 10 (D 1,1,1) (S 5,5,5) (S 74,5,13) (S 13,13,13) (S 89,13,5) (S 6,6,6) (S 75,6,8) (S 79,9,16) (S 111,25,16) (S 113,26,27)
0 1 7 1701 357 6 (D 1,1,1) (S 122,30,29) (S 29,29,29) (S 121,29,37) (S 38,38,38) (S 126,32,31)
0 1 8 1706 402 9 (D 1,1,1) (S 103,26,22) (S 22,22,22) (S 105,22,12) (S 12,12,12) (S 87,12,4) (S 4,4,4) (S 76,6,14) (S 109,29,39)
0 1 9 1714 581 8 (D 1,1,1) (S 104,26,31) (S 31,31,31) (S 32,32,32) (S 125,32,22) (S 106,22,32) (S 86,11,10) (S 110,24,25)
0 1 10 1713 569 9 (D 1,1,1) (S 11,11,11) (S 85,11,3) (S 3,3,3) (S 77,8,15) (S 15,15,15) (S 95,15,25) (S 116,27,26) (S 98,18,17)
0 1 11 1721 552 8 (D 1,1,1) (S 118,29,20) (S 119,29,28) (S 44,44,44) (S 67,44,53) (S 53,53,53) (S 156,45,37) (S 120,29,30)
0 1 12 1712 873 8 (D 1,1,1) (S 23,23,23) (S 107,23,13) (S 14,14,14) (S 90,14,13) (S 78,9,15) (S 128,39,29) (S 168,51,42)
0 1 13 1671 480 8 (D 1,1,1) (S 143,38,46) (S 46,46,46) (S 47,47,47) (S 159,47,46) (S 160,47,48) (S 161,48,39) (S 146,49,47)
0 1 14 1710 610 7 (D 1,1,1) (S 45,45,45) (S 157,45,54) (S 54,54,54) (S 68,54,53) (S 163,48,59) (S 41,41,41)
0 1 15 1670 517 9 (D 1,1,1) (S 93,15,14) (S 108,29,24) (S 24,24,24) (S 25,25,25) (S 112,25,26) (S 26,26,26) (S 114,26,43) (S 135,43,26)
0 1 16 1696 647 8 (D 1,1,1) (S 94,15,29) (S 91,15,6) (S 92,15,9) (S 7,7,7) (S 81,7,11) (S 96,17,16) (S 134,35,34)
0 1 17 1706 508 7 (D 1,1,1) (S 80,7,9) (S 65,25,35) (S 35,35,35) (S 34,34,34) (S 133,34,33) (S 164,62,40)
0 1 18 1668 487 6 (D 1,1,1) (S 127,39,23) (S 130,39,39) (S 39,39,39) (S 148,39,40) (S 149,40,62)
0 1 19 1722 862 7 (D 1,1,1) (S 129,39,49) (S 145,49,38) (S 147,39,49) (S 144,49,32) (S 136,43,35) (S 154,43,44)
0 1 20 1698 810 8 (D 1,1,1) (S 132,34,24) (S 27,27,27) (S 115,27,18) (S 18,18,18) (S 17,17,17) (S 97,17,26) (S 152,41,42)
0 1 21 1630 631 10 (D 1,1,1) (S 117,27,44) (S 42,42,42) (S 153,42,43) (S 43,43,43) (S 155,43,52) (S 52,52,52) (S 171,52,51) (S 51,51,51) (S 176,60,49)
0 1 22 1698 548 6 (D 1,1,1) (S 165,62,49) (S 49,49,49) (S 151,52,40) (S 40,40,40) (S 175,59,58)
0 1 23 1501 501 6 (D 1,1,1) (S 59,59,59) (S 69,59,60) (S 60,60,60) (S 150,52,34) (S 33,33,33)
0 1 24 1500 750 7 (D 1,1,1) (S 131,33,40) (S 50,50,50) (S 167,50,49) (S 63,63,63) (S 177,63,52) (S 169,51,50)
0 1 25 772 616 3 (D 1,1,1) (S 170,51,62) (S 62,62,62)