607
8
1871199
100
0 1 1 65 41 8 (D 1,1,1) (S 24,1,2) (S 43,2,1) (S 1,1,1) (S 56,1,2) (S 51,2,6) (S 6,6,6) (S 53,5,13)
0 1 2 64 46 7 (D 1,1,1) (S 30,1,5) (S 5,5,5) (S 34,5,6) (S 7,7,7) (S 25,7,11) (S 13,13,13)
0 1 3 65 76 9 (D 1,1,1) (S 11,11,11) (S 35,11,19) (S 55,13,11) (S 33,13,12) (S 12,12,12) (S 28,12,16) (S 16,16,16) (S 47,16,15)
0 1 4 65 100 10 (D 1,1,1) (S 39,13,5) (S 50,13,16) (S 42,16,8) (S 8,8,8) (S 45,8,9) (S 9,9,9) (S 46,9,8) (S 63,16,9) (S 23,16,15)
0 1 5 64 64 9 (D 1,1,1) (S 4,4,4) (S 49,4,6) (S 27,6,2) (S 2,2,2) (S 61,2,4) (S 57,6,4) (S 54,6,8) (S 38,16,13)
0 1 6 65 106 10 (D 1,1,1) (S 52,12,13) (S 26,16,12) (S 29,16,25) (S 48,25,22) (S 22,22,22) (S 32,22,19) (S 62,25,21) (S 44,21,28) (S 58,14,15)
0 1 7 62 76 8 (D 1,1,1) (S 21,21,21) (S 60,21,15) (S 15,15,15) (S 37,15,18) (S 18,18,18) (S 14,14,14) (S 31,14,20)
0 1 8 37 98 6 (D 1,1,1) (S 36,15,28) (S 40,28,21) (S 41,15,21) (S 17,17,17) (S 59,17,16)