574
9
4022200
100
0 1 1 65 57 15 (D 1,1,1) (S 52,1,1) (S 1,1,1) (S 83,1,1) (S 29,1,4) (S 4,4,4) (S 65,4,8) (S 8,8,8) (S 62,8,4) (S 19,1,36) (S 81,36,37) (S 82,37,38) (S 54,38,37) (S 73,37,30) (S 55,38,39)
0 1 2 65 50 12 (D 1,1,1) (S 75,1,7) (S 7,7,7) (S 67,7,1) (S 61,1,6) (S 6,6,6) (S 53,6,9) (S 70,9,10) (S 59,10,9) (S 50,9,6) (S 84,6,40) (S 56,35,34)
0 1 3 65 53 10 (D 1,1,1) (S 36,1,33) (S 30,33,34) (S 24,34,27) (S 63,27,17) (S 17,17,17) (S 40,17,35) (S 37,35,1) (S 45,1,40) (S 71,16,10)
0 1 4 65 46 11 (D 1,1,1) (S 38,1,10) (S 76,1,2) (S 2,2,2) (S 21,2,5) (S 5,5,5) (S 39,5,9) (S 9,9,9) (S 11,11,11) (S 80,11,9) (S 3,3,3)
0 1 5 65 52 8 (D 1,1,1) (S 31,7,16) (S 69,16,10) (S 43,33,16) (S 16,16,16) (S 34,16,27) (S 46,34,35) (S 49,40,1)
0 1 6 65 104 10 (D 1,1,1) (S 23,35,36) (S 41,37,2) (S 85,3,2) (S 72,37,36) (S 57,35,17) (S 32,8,17) (S 58,17,9) (S 26,11,19) (S 68,22,13)
0 1 7 64 84 11 (D 1,1,1) (S 74,8,7) (S 10,10,10) (S 47,10,9) (S 27,14,10) (S 20,11,22) (S 28,22,25) (S 25,25,15) (S 15,15,15) (S 14,14,14) (S 35,14,12)
0 1 8 64 87 11 (D 1,1,1) (S 22,38,31) (S 60,31,30) (S 66,30,31) (S 79,31,37) (S 77,39,5) (S 51,5,39) (S 33,39,32) (S 64,32,31) (S 78,39,38) (S 42,5,3)
0 1 9 8 41 4 (D 1,1,1) (S 13,13,13) (S 44,13,22) (S 48,13,15)