207
11
1878600
200
0 1 1 27 3 6 (D 1,1,1) (S 15,1,1) (S 1,1,1) (S 26,1,3) (S 3,3,3) (S 9,3,1)
0 1 2 27 17 6 (D 1,1,1) (S 10,1,6) (S 6,6,6) (S 19,6,11) (S 16,11,6) (S 14,3,4)
0 1 3 27 24 8 (D 1,1,1) (S 34,1,11) (S 36,1,5) (S 5,5,5) (S 2,2,2) (S 37,2,4) (S 43,4,11) (S 41,1,2)
0 1 4 27 11 6 (D 1,1,1) (S 40,1,8) (S 8,8,8) (S 35,1,4) (S 4,4,4) (S 30,2,11)
0 1 5 27 16 5 (D 1,1,1) (S 25,1,6) (S 11,6,6) (S 42,1,6) (S 33,6,5)
0 1 6 26 31 7 (D 1,1,1) (S 39,1,11) (S 28,1,5) (S 18,5,7) (S 12,7,6) (S 44,6,8) (S 27,3,7)
0 1 7 27 24 6 (D 1,1,1) (S 13,1,2) (S 22,2,5) (S 23,2,8) (S 20,2,7) (S 32,4,6)
0 1 8 27 37 5 (D 1,1,1) (S 31,1,6) (S 45,1,8) (S 38,2,6) (S 24,1,4)
0 1 9 23 17 4 (D 1,1,1) (S 48,3,8) (S 21,2,3) (S 29,3,11)
0 1 10 23 18 4 (D 1,1,1) (S 46,3,5) (S 7,7,7) (S 17,7,4)
0 1 11 5 9 2 (D 1,1,1) (S 47,3,6)