710
9
2875799
100
0 1 1 65 80 13 (D 1,1,1) (S 31,1,5) (S 26,5,5) (S 5,5,5) (S 70,5,13) (S 33,13,12) (S 45,12,7) (S 7,7,7) (S 54,7,9) (S 9,9,9) (S 51,9,12) (S 62,12,9) (S 41,30,15)
0 1 2 65 30 10 (D 1,1,1) (S 35,1,2) (S 67,2,1) (S 1,1,1) (S 53,1,2) (S 52,2,6) (S 6,6,6) (S 63,6,10) (S 56,10,6) (S 49,6,2)
0 1 3 64 49 6 (D 1,1,1) (S 22,1,5) (S 28,5,6) (S 23,10,8) (S 8,8,8) (S 43,4,2)
0 1 4 65 96 11 (D 1,1,1) (S 20,5,4) (S 4,4,4) (S 46,4,3) (S 3,3,3) (S 71,3,4) (S 2,2,2) (S 74,2,4) (S 40,2,5) (S 65,13,5) (S 64,22,18)
0 1 5 63 83 10 (D 1,1,1) (S 27,10,19) (S 58,8,6) (S 24,8,14) (S 61,14,10) (S 10,10,10) (S 32,10,22) (S 30,22,15) (S 15,15,15) (S 66,15,18)
0 1 6 64 78 11 (D 1,1,1) (S 44,13,9) (S 29,9,13) (S 13,13,13) (S 60,13,22) (S 39,22,13) (S 25,13,28) (S 75,28,18) (S 18,18,18) (S 68,18,22) (S 42,30,23)
0 1 7 65 85 8 (D 1,1,1) (S 38,14,13) (S 34,7,12) (S 12,12,12) (S 57,12,9) (S 55,9,13) (S 21,9,10) (S 48,10,13)
0 1 8 62 126 9 (D 1,1,1) (S 72,14,5) (S 36,30,16) (S 16,16,16) (S 73,30,18) (S 59,18,13) (S 50,13,18) (S 69,23,11) (S 14,14,14)
0 1 9 40 83 5 (D 1,1,1) (S 47,23,22) (S 37,14,17) (S 17,17,17) (S 19,17,12)