687
9
2717199
100
0 1 1 65 40 7 (D 1,1,1) (S 34,1,5) (S 30,5,6) (S 6,6,6) (S 59,6,9) (S 9,9,9) (S 42,12,9)
0 1 2 65 57 10 (D 1,1,1) (S 2,2,2) (S 25,2,10) (S 62,10,7) (S 7,7,7) (S 43,7,10) (S 32,10,10) (S 72,10,7) (S 47,7,10) (S 60,13,6)
0 1 3 65 72 8 (D 1,1,1) (S 36,10,19) (S 27,19,10) (S 10,10,10) (S 38,10,9) (S 52,9,13) (S 29,13,8) (S 46,5,3)
0 1 4 65 78 10 (D 1,1,1) (S 53,13,11) (S 11,11,11) (S 40,11,11) (S 41,11,8) (S 8,8,8) (S 63,8,11) (S 45,11,11) (S 26,11,12) (S 24,12,16)
0 1 5 63 77 10 (D 1,1,1) (S 44,9,6) (S 5,5,5) (S 69,5,4) (S 4,4,4) (S 65,4,11) (S 31,11,14) (S 14,14,14) (S 35,14,18) (S 18,18,18)
0 1 6 63 94 9 (D 1,1,1) (S 51,5,8) (S 15,15,15) (S 28,15,21) (S 21,21,21) (S 33,18,20) (S 20,20,20) (S 49,14,11) (S 55,15,14)
0 1 7 65 86 8 (D 1,1,1) (S 3,3,3) (S 57,3,5) (S 12,12,12) (S 37,12,13) (S 13,13,13) (S 16,16,16) (S 66,16,22)
0 1 8 64 79 12 (D 1,1,1) (S 61,16,15) (S 71,15,22) (S 22,22,22) (S 68,22,16) (S 19,19,19) (S 70,19,22) (S 54,22,23) (S 23,23,23) (S 39,23,26) (S 67,26,17) (S 17,17,17)
0 1 9 35 104 6 (D 1,1,1) (S 50,23,22) (S 56,22,21) (S 58,14,15) (S 64,17,13) (S 48,26,13)