3942
7
3995200
300
0 1 1 1787 678 9 (D 1,1,1) (S 1,1,1) (S 12,1,1) (S 13,1,6) (S 20,6,1) (S 21,7,1) (S 22,7,12) (S 29,12,7) (S 37,7,8)
0 1 2 1794 603 8 (D 1,1,1) (S 6,6,6) (S 28,6,12) (S 30,12,6) (S 43,18,10) (S 10,10,10) (S 45,10,18) (S 40,8,9)
0 1 3 1796 534 11 (D 1,1,1) (S 14,3,2) (S 2,2,2) (S 17,2,3) (S 3,3,3) (S 18,3,2) (S 16,2,3) (S 15,3,4) (S 31,13,12) (S 32,13,14) (S 26,5,3)
0 1 4 1746 339 7 (D 1,1,1) (S 4,4,4) (S 24,4,13) (S 33,13,8) (S 8,8,8) (S 39,8,7) (S 7,7,7)
0 1 5 1800 604 7 (D 1,1,1) (S 23,4,7) (S 25,9,4) (S 5,5,5) (S 27,5,9) (S 19,3,5) (S 35,14,13)
0 1 6 1802 696 8 (D 1,1,1) (S 42,18,6) (S 38,7,10) (S 44,10,7) (S 36,7,12) (S 46,10,20) (S 47,20,10) (S 34,14,5)
0 1 7 1431 488 5 (D 1,1,1) (S 9,9,9) (S 41,9,14) (S 11,11,11) (S 48,11,20)