409
10
1047000
0
0 1 1 27 26 7 (D 1,1,1) (S 33,1,19) (S 20,1,17) (S 21,17,10) (S 7,7,7) (S 26,7,19) (S 36,1,1)
0 1 2 27 54 6 (D 1,1,1) (S 3,3,3) (S 37,3,10) (S 39,10,11) (S 31,5,6) (S 22,13,12)
0 1 3 27 18 3 (D 1,1,1) (S 23,3,5) (S 5,5,5)
0 1 4 27 79 8 (D 1,1,1) (S 4,4,4) (S 32,4,9) (S 6,6,6) (S 38,6,15) (S 30,2,5) (S 41,25,26) (S 25,16,17)
0 1 5 26 44 5 (D 1,1,1) (S 2,2,2) (S 28,2,3) (S 8,8,8) (S 40,9,11)
0 1 6 26 30 4 (D 1,1,1) (S 35,8,10) (S 10,10,10) (S 9,9,9)
0 1 7 22 51 4 (D 1,1,1) (S 17,7,11) (S 18,9,12) (S 12,12,12)
0 1 8 24 32 6 (D 1,1,1) (S 27,26,16) (S 16,16,16) (S 14,14,14) (S 19,14,13) (S 13,13,13)
0 1 9 26 45 4 (D 1,1,1) (S 29,14,15) (S 15,15,15) (S 24,18,25)
0 1 10 9 30 2 (D 1,1,1) (S 34,18,12)