656
10
5018200
299
0 1 1 75 48 19 (D 1,1,1) (S 100,1,3) (S 3,3,3) (S 82,3,1) (S 107,3,8) (S 8,8,8) (S 87,8,7) (S 7,7,7) (S 51,7,19) (S 60,19,18) (S 67,18,17) (S 17,17,17) (S 97,17,20) (S 20,20,20) (S 86,20,17) (S 78,17,19) (S 19,19,19) (S 76,40,32) (S 103,32,40)
0 1 2 75 63 14 (D 1,1,1) (S 81,3,9) (S 9,9,9) (S 37,9,10) (S 10,10,10) (S 11,11,11) (S 52,11,23) (S 104,23,15) (S 15,15,15) (S 102,15,21) (S 49,21,9) (S 85,9,3) (S 45,14,21) (S 92,26,33)
0 1 3 74 46 10 (D 1,1,1) (S 14,14,14) (S 41,14,19) (S 68,19,17) (S 43,17,34) (S 90,34,20) (S 56,34,40) (S 40,40,23) (S 23,23,23) (S 50,40,26)
0 1 4 75 31 10 (D 1,1,1) (S 2,2,2) (S 61,2,7) (S 80,7,8) (S 47,11,6) (S 6,6,6) (S 62,6,5) (S 5,5,5) (S 110,5,4) (S 4,4,4)
0 1 5 75 85 10 (D 1,1,1) (S 111,4,5) (S 75,4,3) (S 1,1,1) (S 69,1,1) (S 39,21,18) (S 18,18,18) (S 48,18,21) (S 71,21,22) (S 72,29,27)
0 1 6 74 48 13 (D 1,1,1) (S 105,21,15) (S 21,21,21) (S 96,21,24) (S 24,24,24) (S 109,24,28) (S 28,28,28) (S 46,28,25) (S 25,25,25) (S 63,25,28) (S 112,28,22) (S 22,22,22) (S 95,21,23)
0 1 7 73 70 14 (D 1,1,1) (S 64,18,19) (S 53,23,34) (S 32,32,32) (S 44,32,33) (S 33,33,33) (S 88,33,26) (S 26,26,26) (S 34,34,34) (S 101,34,26) (S 29,29,29) (S 55,29,35) (S 35,35,35) (S 108,35,30)
0 1 8 73 137 14 (D 1,1,1) (S 74,23,21) (S 99,24,25) (S 106,28,27) (S 27,27,27) (S 79,27,36) (S 73,36,27) (S 84,27,26) (S 42,18,36) (S 38,36,35) (S 70,35,34) (S 65,39,19) (S 98,35,26) (S 83,28,35)
0 1 9 73 62 11 (D 1,1,1) (S 77,23,16) (S 16,16,16) (S 66,16,23) (S 54,6,3) (S 36,3,4) (S 94,4,10) (S 89,10,13) (S 13,13,13) (S 57,13,12) (S 12,12,12)
0 1 10 24 66 5 (D 1,1,1) (S 93,12,6) (S 59,25,28) (S 91,28,25) (S 58,25,13)