816
8
1309200
0
0 1 1 75 42 16 (D 1,1,1) (S 86,1,4) (S 4,4,4) (S 50,4,1) (S 1,1,1) (S 68,1,2) (S 2,2,2) (S 83,2,1) (S 42,2,9) (S 36,9,6) (S 6,6,6) (S 51,6,10) (S 10,10,10) (S 64,10,6) (S 82,11,14) (S 43,14,11)
0 1 2 75 114 13 (D 1,1,1) (S 32,9,14) (S 34,14,10) (S 48,10,11) (S 11,11,11) (S 14,14,14) (S 70,14,15) (S 15,15,15) (S 55,15,19) (S 74,19,15) (S 35,12,7) (S 37,5,3) (S 79,30,31)
0 1 3 75 70 11 (D 1,1,1) (S 5,5,5) (S 81,5,1) (S 76,14,17) (S 17,17,17) (S 85,17,14) (S 45,14,9) (S 9,9,9) (S 57,9,16) (S 65,16,17) (S 66,16,9)
0 1 4 74 86 11 (D 1,1,1) (S 3,3,3) (S 72,3,6) (S 7,7,7) (S 75,7,5) (S 33,5,6) (S 78,6,8) (S 8,8,8) (S 69,8,7) (S 61,7,8) (S 38,21,22)
0 1 5 74 101 10 (D 1,1,1) (S 39,17,22) (S 22,22,22) (S 87,22,21) (S 21,21,21) (S 59,21,16) (S 16,16,16) (S 58,21,34) (S 46,34,26) (S 52,34,29)
0 1 6 74 115 11 (D 1,1,1) (S 73,9,14) (S 71,25,18) (S 18,18,18) (S 49,18,24) (S 24,24,24) (S 54,24,18) (S 41,25,23) (S 23,23,23) (S 67,23,24) (S 77,22,20)
0 1 7 75 111 9 (D 1,1,1) (S 20,20,20) (S 47,20,19) (S 19,19,19) (S 27,27,27) (S 40,27,31) (S 31,31,31) (S 44,30,26) (S 62,27,28)
0 1 8 67 177 11 (D 1,1,1) (S 60,34,21) (S 29,29,29) (S 56,29,30) (S 30,30,30) (S 63,27,24) (S 28,28,28) (S 53,28,25) (S 25,25,25) (S 84,41,31) (S 80,41,28)