920
9
2930199
200
0 1 1 75 69 11 (D 1,1,1) (S 47,1,6) (S 82,6,1) (S 63,1,3) (S 3,3,3) (S 42,3,6) (S 6,6,6) (S 37,6,12) (S 31,12,9) (S 9,9,9) (S 32,22,11)
0 1 2 75 45 9 (D 1,1,1) (S 25,1,1) (S 1,1,1) (S 58,1,8) (S 38,8,14) (S 30,14,7) (S 7,7,7) (S 52,7,10) (S 10,10,10)
0 1 3 73 97 15 (D 1,1,1) (S 21,6,12) (S 60,12,8) (S 8,8,8) (S 44,8,12) (S 59,9,20) (S 79,20,14) (S 73,14,20) (S 41,20,26) (S 68,26,20) (S 77,20,9) (S 34,26,27) (S 49,27,15) (S 15,15,15) (S 62,15,31)
0 1 4 75 88 8 (D 1,1,1) (S 53,6,3) (S 74,3,1) (S 50,6,8) (S 18,29,30) (S 66,30,13) (S 13,13,13) (S 26,30,31)
0 1 5 74 76 11 (D 1,1,1) (S 24,7,22) (S 56,22,14) (S 14,14,14) (S 61,14,17) (S 17,17,17) (S 16,16,16) (S 27,16,14) (S 20,14,11) (S 11,11,11) (S 12,12,12)
0 1 6 74 116 14 (D 1,1,1) (S 48,8,4) (S 4,4,4) (S 28,4,10) (S 71,10,3) (S 72,3,10) (S 22,10,16) (S 81,16,7) (S 64,10,20) (S 33,26,31) (S 75,31,15) (S 45,15,16) (S 46,16,15) (S 43,3,2)
0 1 7 74 145 12 (D 1,1,1) (S 36,10,27) (S 69,27,14) (S 70,14,27) (S 23,4,3) (S 55,3,1) (S 35,10,2) (S 2,2,2) (S 19,2,5) (S 5,5,5) (S 84,5,17) (S 76,17,5)
0 1 8 73 191 11 (D 1,1,1) (S 57,29,13) (S 80,29,8) (S 39,10,5) (S 85,5,10) (S 29,16,17) (S 54,17,12) (S 83,12,17) (S 78,16,11) (S 40,12,17) (S 67,5,5)
0 1 9 21 93 3 (D 1,1,1) (S 65,5,12) (S 51,5,2)