790
8
1877000
100
0 1 1 75 74 12 (D 1,1,1) (S 57,1,5) (S 5,5,5) (S 56,5,13) (S 26,13,10) (S 10,10,10) (S 38,10,4) (S 4,4,4) (S 74,4,5) (S 43,5,4) (S 35,1,1) (S 68,13,5)
0 1 2 75 64 12 (D 1,1,1) (S 44,4,18) (S 64,18,10) (S 32,13,11) (S 11,11,11) (S 24,11,15) (S 76,15,13) (S 13,13,13) (S 73,13,20) (S 84,20,11) (S 49,15,7) (S 46,2,3)
0 1 3 75 62 9 (D 1,1,1) (S 1,1,1) (S 34,1,13) (S 27,13,12) (S 12,12,12) (S 36,12,25) (S 63,25,19) (S 19,19,19) (S 23,19,18)
0 1 4 74 97 14 (D 1,1,1) (S 45,18,18) (S 18,18,18) (S 50,18,25) (S 82,25,18) (S 33,19,31) (S 75,31,20) (S 20,20,20) (S 71,20,16) (S 16,16,16) (S 59,16,17) (S 17,17,17) (S 83,17,22) (S 42,22,23)
0 1 5 73 104 11 (D 1,1,1) (S 70,12,20) (S 81,20,15) (S 15,15,15) (S 65,15,20) (S 86,20,12) (S 37,25,15) (S 31,15,31) (S 22,22,22) (S 77,22,14) (S 14,14,14)
0 1 6 74 81 12 (D 1,1,1) (S 29,15,22) (S 72,22,17) (S 30,17,23) (S 40,23,14) (S 78,14,17) (S 28,17,16) (S 25,16,8) (S 8,8,8) (S 39,8,3) (S 2,2,2) (S 55,2,8)
0 1 7 74 132 13 (D 1,1,1) (S 6,6,6) (S 51,6,7) (S 7,7,7) (S 48,7,15) (S 85,13,15) (S 41,13,22) (S 60,17,16) (S 69,14,9) (S 9,9,9) (S 66,9,5) (S 61,5,9) (S 58,9,17)
0 1 8 66 176 9 (D 1,1,1) (S 53,8,9) (S 67,9,8) (S 47,2,1) (S 62,16,15) (S 79,16,23) (S 52,17,9) (S 54,5,3) (S 80,17,14)