9583
26
23751100
599
0 1 1 1634 346 8 (D 1,1,1) (S 6,1,2) (S 2,2,2) (S 32,2,17) (S 34,17,18) (S 20,18,9) (S 102,19,20) (S 52,27,36)
0 1 2 1618 493 8 (D 1,1,1) (S 5,1,2) (S 7,2,3) (S 9,3,4) (S 11,4,5) (S 40,21,4) (S 99,7,14) (S 35,17,26)
0 1 3 1644 339 7 (D 1,1,1) (S 33,2,3) (S 3,3,3) (S 49,3,34) (S 65,34,35) (S 106,34,43) (S 94,51,52)
0 1 4 1601 189 4 (D 1,1,1) (S 8,2,9) (S 19,9,10) (S 100,10,11)
0 1 5 1636 396 6 (D 1,1,1) (S 10,3,10) (S 21,10,19) (S 36,19,18) (S 22,20,10) (S 107,37,38)
0 1 6 1495 260 5 (D 1,1,1) (S 48,3,26) (S 104,26,27) (S 105,27,18) (S 37,19,28)
0 1 7 1641 260 5 (D 1,1,1) (S 12,4,11) (S 23,11,20) (S 39,20,29) (S 51,28,27)
0 1 8 1637 268 5 (D 1,1,1) (S 13,4,1) (S 1,1,1) (S 15,1,5) (S 24,1,21)
0 1 9 1600 338 5 (D 1,1,1) (S 50,26,35) (S 67,35,44) (S 82,44,51) (S 95,52,53)
0 1 10 1611 312 5 (D 1,1,1) (S 14,5,6) (S 16,6,13) (S 26,13,14) (S 41,23,22)
0 1 11 1640 369 6 (D 1,1,1) (S 38,20,21) (S 25,1,22) (S 42,22,31) (S 57,31,4) (S 56,29,38)
0 1 12 1624 396 5 (D 1,1,1) (S 66,35,36) (S 69,36,45) (S 81,45,44) (S 96,53,54)
0 1 13 1570 441 5 (D 1,1,1) (S 79,43,44) (S 93,51,50) (S 80,50,43) (S 89,47,54)
0 1 14 1576 368 5 (D 1,1,1) (S 54,28,37) (S 68,37,36) (S 83,45,46) (S 87,46,53)
0 1 15 1614 320 5 (D 1,1,1) (S 53,28,29) (S 55,29,4) (S 4,4,4) (S 58,4,39)
0 1 16 1577 463 6 (D 1,1,1) (S 27,13,22) (S 103,22,21) (S 59,31,40) (S 76,40,48) (S 91,48,55)
0 1 17 1597 431 4 (D 1,1,1) (S 70,37,46) (S 85,46,47) (S 97,54,55)
0 1 18 1499 361 4 (D 1,1,1) (S 71,38,39) (S 74,39,40) (S 75,40,41)
0 1 19 1542 478 6 (D 1,1,1) (S 73,38,47) (S 88,47,48) (S 90,48,49) (S 92,49,56) (S 98,56,55)
0 1 20 1639 334 4 (D 1,1,1) (S 72,38,46) (S 86,46,52) (S 84,52,45)
0 1 21 1628 358 5 (D 1,1,1) (S 17,7,8) (S 18,8,15) (S 28,15,14) (S 29,14,23)
0 1 22 1601 390 4 (D 1,1,1) (S 43,22,32) (S 62,32,41) (S 64,42,33)
0 1 23 1598 460 6 (D 1,1,1) (S 101,14,6) (S 30,14,24) (S 47,24,33) (S 60,33,32) (S 46,32,24)
0 1 24 1469 407 4 (D 1,1,1) (S 44,23,24) (S 31,24,15) (S 45,23,32)
0 1 25 1323 442 4 (D 1,1,1) (S 61,32,40) (S 77,41,42) (S 78,42,49)
0 1 26 588 364 2 (D 1,1,1) (S 63,32,42)