405
8
987700
100
0 1 1 27 18  5 (D 0,1,1) (S 15,1,19) (S 22,1,17) (S 7,15,15) (D 0,1,1)
0 1 2 27 68  8 (D 0,1,1) (S 31,1,3) (S 20,3,6) (S 3,6,6) (S 19,6,10) (S 38,10,11) (S 23,15,20) (D 0,1,1)
0 1 3 27 47  7 (D 0,1,1) (S 28,1,27) (S 25,26,27) (S 11,23,23) (S 21,23,24) (S 39,22,25) (D 0,1,1)
0 1 4 26 43  6 (D 0,1,1) (S 17,3,8) (S 26,8,9) (S 29,5,6) (S 37,6,8) (D 0,1,1)
0 1 5 27 51  7 (D 0,1,1) (S 27,3,4) (S 2,4,4) (S 40,4,5) (S 30,5,9) (S 14,7,11) (D 0,1,1)
0 1 6 27 32  5 (D 0,1,1) (S 5,13,13) (S 32,13,15) (S 6,14,14) (D 0,1,1)
0 1 7 26 90  7 (D 0,1,1) (S 24,6,9) (S 34,4,6) (S 18,14,16) (S 8,16,16) (S 10,21,21) (D 0,1,1)
0 1 8 22 56  6 (D 0,1,1) (S 33,22,23) (S 16,21,20) (S 36,21,23) (S 35,21,22) (D 0,1,1)