807
8
1731399
0
0 1 1 75 52 16 (D 1,1,1) (S 48,1,5) (S 5,5,5) (S 6,6,6) (S 45,6,5) (S 38,6,7) (S 7,7,7) (S 36,7,2) (S 2,2,2) (S 83,2,1) (S 1,1,1) (S 70,1,6) (S 39,7,8) (S 46,8,11) (S 66,11,8) (S 43,11,12)
0 1 2 75 44 9 (D 1,1,1) (S 11,11,11) (S 35,11,14) (S 82,14,18) (S 18,18,18) (S 69,17,14) (S 52,12,15) (S 15,15,15) (S 47,12,11)
0 1 3 75 64 11 (D 1,1,1) (S 56,14,10) (S 10,10,10) (S 44,10,5) (S 9,9,9) (S 63,9,12) (S 57,12,4) (S 4,4,4) (S 34,4,5) (S 40,5,3) (S 3,3,3)
0 1 4 75 127 10 (D 1,1,1) (S 65,3,2) (S 37,9,12) (S 12,12,12) (S 81,15,20) (S 20,20,20) (S 50,20,15) (S 16,16,16) (S 42,16,21) (S 75,30,31)
0 1 5 75 107 10 (D 1,1,1) (S 13,13,13) (S 54,13,16) (S 33,21,22) (S 71,22,28) (S 64,28,22) (S 61,28,21) (S 21,21,21) (S 74,21,20) (S 55,35,26)
0 1 6 75 112 13 (D 1,1,1) (S 68,12,9) (S 25,25,25) (S 60,25,27) (S 27,27,27) (S 41,27,31) (S 31,31,31) (S 76,31,32) (S 32,32,32) (S 58,32,31) (S 30,30,30) (S 51,30,35) (S 72,35,27)
0 1 7 74 175 12 (D 1,1,1) (S 78,10,14) (S 19,19,19) (S 73,19,20) (S 49,33,21) (S 80,27,25) (S 62,35,30) (S 29,29,29) (S 59,29,26) (S 26,26,26) (S 79,26,35) (S 28,28,28)
0 1 8 28 126 5 (D 1,1,1) (S 22,22,22) (S 77,22,26) (S 53,28,33) (S 67,28,27)