186
7
1985499
200
0 1 1 20 8 7 (D 1,1,1) (S 19,1,2) (S 37,2,2) (S 2,2,2) (S 38,2,2) (S 17,2,1) (S 1,1,1)
0 1 2 20 28 9 (D 1,1,1) (S 3,3,3) (S 22,3,7) (S 7,7,7) (S 18,7,6) (S 6,6,6) (S 25,6,1) (S 27,6,9) (S 28,13,9)
0 1 3 19 35 7 (D 1,1,1) (S 36,3,6) (S 14,6,4) (S 4,4,4) (S 9,9,9) (S 34,9,6) (S 26,17,12)
0 1 4 20 30 5 (D 1,1,1) (S 23,7,8) (S 8,8,8) (S 35,13,14) (S 20,14,12)
0 1 5 19 30 7 (D 1,1,1) (S 30,20,23) (S 32,23,20) (S 31,23,24) (S 21,24,21) (S 33,21,20) (S 11,11,11)
0 1 6 15 36 5 (D 1,1,1) (S 16,13,17) (S 15,17,11) (S 29,19,20) (S 13,13,13)
0 1 7 7 19 2 (D 1,1,1) (S 24,13,19)