348
9
1327899
200
0 1 1 27 52 6 (D 1,1,1) (S 29,1,19) (S 37,1,17) (S 28,15,17) (S 43,15,8) (S 32,6,7)
0 1 2 27 31 7 (D 1,1,1) (S 19,1,3) (S 22,3,3) (S 3,3,3) (S 36,3,4) (S 31,3,5) (S 35,5,27)
0 1 3 27 34 7 (D 1,1,1) (S 17,1,27) (S 13,27,26) (S 41,23,26) (S 14,23,11) (S 11,11,11) (S 12,11,5)
0 1 4 27 42 6 (D 1,1,1) (S 44,1,15) (S 34,13,6) (S 6,6,6) (S 23,25,26) (S 40,2,19)
0 1 5 25 31 7 (D 1,1,1) (S 1,1,1) (S 15,1,12) (S 21,12,19) (S 24,12,13) (S 33,13,15) (S 26,2,10)
0 1 6 25 38 5 (D 1,1,1) (S 39,10,11) (S 25,3,10) (S 45,5,3) (S 30,5,9)
0 1 7 26 41 5 (D 1,1,1) (S 46,11,27) (S 20,3,5) (S 5,5,5) (S 42,3,2)
0 1 8 21 49 5 (D 1,1,1) (S 16,18,9) (S 9,9,9) (S 27,9,23) (S 18,25,9)
0 1 9 7 30 2 (D 1,1,1) (S 38,18,25)