504
10
2199800
100
0 1 1 50 26 12 (D 1,1,1) (S 37,1,1) (S 1,1,1) (S 34,1,1) (S 31,1,31) (S 48,31,4) (S 4,4,4) (S 40,4,31) (S 22,31,29) (S 28,29,27) (S 21,27,26) (S 27,27,24)
0 1 2 49 31 7 (D 1,1,1) (S 43,1,30) (S 61,30,1) (S 19,1,7) (S 66,7,5) (S 5,5,5) (S 56,5,8)
0 1 3 49 32 5 (D 1,1,1) (S 26,1,6) (S 6,6,6) (S 25,6,9) (S 30,9,13)
0 1 4 50 71 11 (D 1,1,1) (S 2,2,2) (S 54,2,1) (S 20,2,3) (S 3,3,3) (S 17,3,13) (S 45,13,9) (S 9,9,9) (S 47,9,13) (S 49,9,3) (S 50,12,14)
0 1 5 50 69 10 (D 1,1,1) (S 58,30,29) (S 63,29,16) (S 16,16,16) (S 51,16,26) (S 59,26,16) (S 60,29,30) (S 55,5,4) (S 7,7,7) (S 36,7,16)
0 1 6 50 52 9 (D 1,1,1) (S 53,7,4) (S 23,7,8) (S 8,8,8) (S 38,8,9) (S 62,9,12) (S 12,12,12) (S 44,12,13) (S 13,13,13)
0 1 7 50 62 9 (D 1,1,1) (S 35,14,7) (S 57,14,10) (S 10,10,10) (S 65,10,14) (S 64,16,11) (S 11,11,11) (S 41,11,8) (S 32,13,13)
0 1 8 49 47 5 (D 1,1,1) (S 18,24,15) (S 15,15,15) (S 52,25,16) (S 46,7,6)
0 1 9 49 74 6 (D 1,1,1) (S 24,13,14) (S 14,14,14) (S 33,14,22) (S 29,22,20) (S 39,13,20)
0 1 10 5 40 2 (D 1,1,1) (S 42,13,12)