171
8
1148900
200
0 1 1 27 12  7 (D 0,1,1) (S 24,1,3) (S 2,3,3) (S 23,3,10) (S 21,3,4) (S 7,2,7) (D 0,1,1)
0 1 2 27 18  10 (D 0,1,1) (S 34,1,5) (S 4,5,5) (S 22,5,8) (S 12,8,4) (S 19,4,9) (S 33,9,11) (S 6,7,7) (S 29,1,7) (D 0,1,1)
0 1 3 27 17  7 (D 0,1,1) (S 25,1,8) (S 13,8,6) (S 5,6,6) (S 32,6,9) (S 8,4,1) (D 0,1,1)
0 1 4 27 42  9 (D 0,1,1) (S 37,1,9) (S 9,9,10) (S 11,3,2) (S 30,2,8) (S 16,8,9) (S 18,4,6) (S 36,2,11) (D 0,1,1)
0 1 5 27 23  6 (D 0,1,1) (S 31,1,10) (S 17,3,11) (S 20,7,11) (S 27,7,9) (D 0,1,1)
0 1 6 26 28  6 (D 0,1,1) (S 26,1,11) (S 14,7,5) (S 28,5,11) (S 10,1,2) (D 0,1,1)
0 1 7 27 19  5 (D 0,1,1) (S 1,2,2) (S 35,2,9) (S 38,4,7) (D 0,1,1)
0 1 8 17 12  4 (D 0,1,1) (S 3,4,4) (S 15,4,10) (D 0,1,1)