618
10
3266100
100
0 1 1 70 39 20 (D 1,1,1) (S 82,1,9) (S 46,9,7) (S 7,7,7) (S 43,7,14) (S 14,14,14) (S 107,14,15) (S 15,15,15) (S 38,15,8) (S 8,8,8) (S 73,8,14) (S 90,14,18) (S 18,18,18) (S 49,18,19) (S 19,19,19) (S 79,19,15) (S 85,15,14) (S 53,8,7) (S 60,9,1) (S 109,3,4)
0 1 2 70 44 14 (D 1,1,1) (S 105,1,10) (S 108,10,5) (S 5,5,5) (S 103,5,12) (S 91,12,7) (S 93,7,12) (S 97,12,5) (S 48,5,11) (S 11,11,11) (S 10,10,10) (S 36,10,15) (S 100,8,9) (S 88,17,27)
0 1 3 70 55 11 (D 1,1,1) (S 94,1,9) (S 9,9,9) (S 40,10,20) (S 20,20,20) (S 95,20,32) (S 112,32,20) (S 54,32,40) (S 114,32,19) (S 32,19,12) (S 101,27,17)
0 1 4 70 58 12 (D 1,1,1) (S 76,9,6) (S 6,6,6) (S 66,6,13) (S 13,13,13) (S 58,13,7) (S 17,17,17) (S 47,17,18) (S 69,18,15) (S 61,18,14) (S 52,27,26) (S 115,36,24)
0 1 5 70 74 14 (D 1,1,1) (S 72,10,10) (S 96,10,19) (S 34,19,24) (S 24,24,24) (S 110,24,36) (S 55,36,35) (S 80,35,27) (S 27,27,27) (S 56,27,35) (S 51,36,17) (S 113,27,35) (S 44,36,44) (S 81,21,16)
0 1 6 70 55 12 (D 1,1,1) (S 4,4,4) (S 74,4,3) (S 3,3,3) (S 50,4,2) (S 2,2,2) (S 68,2,4) (S 86,4,2) (S 42,4,7) (S 78,19,32) (S 25,25,25) (S 77,25,19)
0 1 7 68 51 15 (D 1,1,1) (S 12,12,12) (S 45,12,20) (S 83,20,16) (S 16,16,16) (S 59,16,26) (S 71,26,16) (S 92,16,20) (S 41,26,22) (S 22,22,22) (S 106,22,35) (S 33,24,46) (S 67,46,28) (S 65,28,44) (S 23,23,23)
0 1 8 69 115 12 (D 1,1,1) (S 57,19,10) (S 99,25,24) (S 102,23,18) (S 111,25,20) (S 89,25,40) (S 62,47,40) (S 70,47,25) (S 37,46,31) (S 31,31,31) (S 30,30,30) (S 63,30,29)
0 1 9 69 96 11 (D 1,1,1) (S 87,8,9) (S 84,8,6) (S 39,41,26) (S 26,26,26) (S 104,27,29) (S 29,29,29) (S 75,29,30) (S 28,28,28) (S 35,28,29) (S 98,44,27)
0 1 10 8 31 2 (D 1,1,1) (S 64,44,23)