4816
12
3948400
299
0 1 1 1529 265 6 (D 1,1,1) (S 7,1,2) (S 10,2,7) (S 18,7,8) (S 19,8,9) (S 12,8,1)
0 1 2 1520 354 8 (D 1,1,1) (S 8,1,6) (S 17,6,2) (S 2,2,2) (S 47,2,12) (S 25,12,16) (S 6,6,6) (S 40,6,23)
0 1 3 1534 226 5 (D 1,1,1) (S 9,2,1) (S 1,1,1) (S 11,1,4) (S 13,4,5)
0 1 4 1504 536 7 (D 1,1,1) (S 16,6,7) (S 46,8,13) (S 26,13,3) (S 3,3,3) (S 28,3,4) (S 50,26,25)
0 1 5 1471 320 4 (D 1,1,1) (S 23,2,18) (S 33,18,23) (S 41,23,25)
0 1 6 1464 431 5 (D 1,1,1) (S 14,4,9) (S 20,9,10) (S 15,10,5) (S 22,10,4)
0 1 7 1415 349 5 (D 1,1,1) (S 24,12,13) (S 27,13,17) (S 30,17,16) (S 48,12,7)
0 1 8 1541 432 5 (D 1,1,1) (S 32,18,19) (S 34,19,20) (S 37,20,27) (S 38,28,21)
0 1 9 1529 502 6 (D 1,1,1) (S 21,9,3) (S 4,4,4) (S 29,4,5) (S 5,5,5) (S 45,29,28)
0 1 10 1534 412 5 (D 1,1,1) (S 31,16,19) (S 35,19,6) (S 42,6,26) (S 43,26,27)
0 1 11 1369 495 4 (D 1,1,1) (S 36,20,21) (S 49,21,17) (S 44,28,27)
0 1 12 683 494 2 (D 1,1,1) (S 39,5,29)