346
8
1610999
200
0 1 1 27 38  7 (D 0,1,1) (S 36,1,3) (S 1,3,3) (S 41,3,6) (S 40,6,7) (S 27,7,11) (D 0,1,1)
0 1 2 27 33  8 (D 0,1,1) (S 26,2,12) (S 22,12,13) (S 19,13,14) (S 7,14,14) (S 25,14,20) (S 18,20,15) (D 0,1,1)
0 1 3 27 89  9 (D 0,1,1) (S 38,2,1) (S 29,3,4) (S 2,4,4) (S 34,4,10) (S 6,10,10) (S 33,16,17) (S 28,21,22) (D 0,1,1)
0 1 4 24 41  7 (D 0,1,1) (S 16,27,27) (S 20,27,26) (S 14,23,23) (S 31,23,24) (S 39,25,26) (D 0,1,1)
0 1 5 27 37  5 (D 0,1,1) (S 24,13,15) (S 8,15,15) (S 35,20,21) (D 0,1,1)
0 1 6 26 34  6 (D 0,1,1) (S 17,23,21) (S 12,21,21) (S 10,18,18) (S 21,18,14) (D 0,1,1)
0 1 7 19 38  5 (D 0,1,1) (S 13,22,22) (S 23,22,23) (S 37,18,21) (D 0,1,1)
0 1 8 21 36  5 (D 0,1,1) (S 3,5,5) (S 30,5,6) (S 32,4,6) (D 0,1,1)