389
8
3764700
300
0 1 1 45 63 8 (D 1,1,1) (S 43,1,19) (S 47,19,6) (S 6,6,6) (S 39,6,19) (S 48,13,9) (S 9,9,9) (S 29,13,11)
0 1 2 45 52 8 (D 1,1,1) (S 4,4,4) (S 23,4,7) (S 7,7,7) (S 36,7,1) (S 45,4,5) (S 34,7,5) (S 32,8,11)
0 1 3 45 34 4 (D 1,1,1) (S 26,19,13) (S 13,13,13) (S 28,21,14)
0 1 4 45 34 6 (D 1,1,1) (S 30,19,22) (S 18,22,23) (S 16,23,14) (S 14,14,14) (S 21,23,21)
0 1 5 45 27 8 (D 1,1,1) (S 2,2,2) (S 22,2,10) (S 33,10,1) (S 1,1,1) (S 27,1,3) (S 3,3,3) (S 19,3,2)
0 1 6 44 34 5 (D 1,1,1) (S 25,7,5) (S 5,5,5) (S 17,7,13) (S 11,11,11)
0 1 7 45 96 7 (D 1,1,1) (S 31,9,21) (S 40,21,9) (S 35,5,4) (S 15,7,8) (S 42,8,14) (S 44,14,8)
0 1 8 44 49 10 (D 1,1,1) (S 24,13,14) (S 20,14,12) (S 12,12,12) (S 38,11,10) (S 10,10,10) (S 37,10,11) (S 46,11,12) (S 41,11,8) (S 8,8,8)