805
9
1175500
0
0 1 1 75 48 8 (D 1,1,1) (S 4,4,4) (S 32,4,10) (S 10,10,10) (S 28,10,19) (S 41,19,20) (S 20,20,20) (S 52,21,16)
0 1 2 75 96 13 (D 1,1,1) (S 5,5,5) (S 60,5,1) (S 76,5,4) (S 11,11,11) (S 29,11,12) (S 12,12,12) (S 35,12,13) (S 13,13,13) (S 61,13,7) (S 7,7,7) (S 59,8,2) (S 40,18,22)
0 1 3 73 67 10 (D 1,1,1) (S 1,1,1) (S 73,1,6) (S 6,6,6) (S 75,6,7) (S 33,7,8) (S 8,8,8) (S 44,8,9) (S 9,9,9) (S 43,9,5)
0 1 4 73 79 10 (D 1,1,1) (S 42,1,11) (S 39,11,19) (S 64,19,16) (S 16,16,16) (S 57,16,12) (S 58,16,21) (S 21,21,21) (S 22,22,22) (S 26,26,26)
0 1 5 74 83 10 (D 1,1,1) (S 15,15,15) (S 63,15,10) (S 47,19,15) (S 24,24,24) (S 56,24,20) (S 68,20,25) (S 25,25,25) (S 66,25,20) (S 34,20,21)
0 1 6 75 102 13 (D 1,1,1) (S 17,17,17) (S 51,17,13) (S 36,17,22) (S 69,26,31) (S 48,31,26) (S 50,26,33) (S 37,33,27) (S 27,27,27) (S 46,27,23) (S 23,23,23) (S 49,23,27) (S 67,2,3)
0 1 7 73 141 11 (D 1,1,1) (S 55,24,15) (S 72,22,23) (S 38,23,33) (S 65,33,26) (S 31,23,18) (S 18,18,18) (S 19,19,19) (S 53,19,27) (S 62,17,9) (S 45,9,8)
0 1 8 67 126 7 (D 1,1,1) (S 14,14,14) (S 74,14,18) (S 54,17,19) (S 30,9,3) (S 3,3,3) (S 70,5,9)
0 1 9 12 63 2 (D 1,1,1) (S 71,5,3)