630
10
3954899
100
0 1 1 70 39 13 (D 1,1,1) (S 104,1,5) (S 39,5,2) (S 55,2,3) (S 114,3,2) (S 68,3,4) (S 121,4,3) (S 31,3,1) (S 1,1,1) (S 62,5,1) (S 40,5,3) (S 3,3,3) (S 56,3,4)
0 1 2 70 48 17 (D 1,1,1) (S 61,1,2) (S 2,2,2) (S 94,2,1) (S 53,1,16) (S 85,16,7) (S 7,7,7) (S 44,7,18) (S 66,18,19) (S 30,19,12) (S 63,12,7) (S 118,7,12) (S 109,12,4) (S 4,4,4) (S 46,4,18) (S 54,6,10) (S 72,10,15)
0 1 3 70 53 18 (D 1,1,1) (S 81,5,1) (S 117,2,5) (S 5,5,5) (S 35,5,8) (S 8,8,8) (S 49,8,20) (S 70,20,25) (S 75,25,17) (S 17,17,17) (S 28,17,41) (S 26,41,42) (S 36,42,43) (S 59,43,19) (S 96,37,38) (S 60,38,36) (S 77,36,38) (S 89,13,14)
0 1 4 70 55 18 (D 1,1,1) (S 47,14,10) (S 10,10,10) (S 102,10,6) (S 6,6,6) (S 29,6,11) (S 11,11,11) (S 119,11,10) (S 107,10,11) (S 67,11,15) (S 15,15,15) (S 37,15,16) (S 16,16,16) (S 57,16,11) (S 27,11,7) (S 105,7,3) (S 113,31,32) (S 111,15,10)
0 1 5 70 77 15 (D 1,1,1) (S 51,14,6) (S 58,6,16) (S 65,16,1) (S 79,14,9) (S 9,9,9) (S 74,9,14) (S 33,10,9) (S 52,8,12) (S 12,12,12) (S 99,25,12) (S 83,25,20) (S 71,5,2) (S 100,14,13) (S 108,38,37)
0 1 6 70 78 12 (D 1,1,1) (S 106,16,6) (S 14,14,14) (S 97,14,9) (S 86,5,8) (S 112,8,2) (S 50,14,15) (S 88,15,37) (S 115,37,15) (S 98,16,7) (S 101,19,32) (S 95,31,18)
0 1 7 68 80 10 (D 1,1,1) (S 25,7,31) (S 73,32,31) (S 38,32,40) (S 82,32,19) (S 48,7,4) (S 18,18,18) (S 103,18,16) (S 80,18,38) (S 34,36,35)
0 1 8 68 63 10 (D 1,1,1) (S 110,35,43) (S 78,43,35) (S 32,36,19) (S 19,19,19) (S 93,43,48) (S 92,48,23) (S 23,23,23) (S 69,23,20) (S 20,20,20)
0 1 9 69 83 13 (D 1,1,1) (S 64,18,31) (S 42,38,21) (S 21,21,21) (S 45,21,24) (S 24,24,24) (S 43,24,20) (S 116,20,19) (S 41,42,34) (S 84,34,35) (S 90,20,23) (S 91,23,48) (S 87,48,43)
0 1 10 22 54 4 (D 1,1,1) (S 76,8,5) (S 22,22,22) (S 120,22,18)