5106
8
5848500
200
0 1 1 1800 380 10 (D 21,1,1) (S 30,21,22) (S 31,22,17) (S 20,17,16) (S 19,16,15) (S 28,20,21) (S 29,21,17) (S 22,17,22) (S 44,31,28) (S 42,29,23)
0 1 2 1787 428 7 (D 21,1,1) (S 21,17,18) (S 25,18,23) (S 32,23,22) (S 39,27,26) (S 37,26,25) (S 41,28,29)
0 1 3 1796 596 10 (D 21,1,1) (S 40,27,31) (S 43,31,27) (S 38,26,34) (S 48,34,35) (S 50,35,36) (S 51,36,31) (S 34,25,20) (S 8,7,13) (S 15,12,13)
0 1 4 1811 618 9 (D 21,1,1) (S 18,16,8) (S 9,8,7) (S 7,7,6) (S 6,6,12) (S 16,13,15) (S 17,14,1) (S 1,1,1) (S 12,10,9)
0 1 5 1773 882 9 (D 21,1,1) (S 24,18,19) (S 27,19,30) (S 53,38,30) (S 35,25,21) (S 23,18,10) (S 11,10,4) (S 3,4,5) (S 10,9,8)
0 1 6 1737 1092 8 (D 21,1,1) (S 36,25,33) (S 46,33,32) (S 45,32,1) (S 33,1,25) (S 47,34,33) (S 52,36,37) (S 5,6,1)
0 1 7 1567 898 6 (D 21,1,1) (S 26,19,10) (S 13,10,18) (S 14,11,10) (S 4,5,11) (S 2,2,3)
0 1 8 287 212 2 (D 21,1,1) (S 49,35,27)