14132
24
23208999
299
0 1 1 1636 328 8 (D 38,1,1) (S 98,38,28) (S 28,28,28) (S 132,28,29) (S 29,29,29) (S 134,29,28) (S 100,19,23) (S 64,20,11)
0 1 2 1641 225 9 (D 38,1,1) (S 131,28,27) (S 27,27,27) (S 129,27,18) (S 18,18,18) (S 97,18,38) (S 135,29,30) (S 140,30,34) (S 161,34,65)
0 1 3 1642 443 11 (D 38,1,1) (S 133,29,19) (S 19,19,19) (S 101,19,38) (S 130,27,33) (S 33,33,33) (S 157,33,64) (S 158,64,65) (S 139,30,65) (S 99,19,22) (S 45,4,20)
0 1 4 1640 340 7 (D 38,1,1) (S 30,30,30) (S 136,30,20) (S 20,20,20) (S 103,20,13) (S 47,6,9) (S 49,10,7)
0 1 5 1641 389 10 (D 38,1,1) (S 138,30,55) (S 141,55,67) (S 163,67,35) (S 35,35,35) (S 164,35,56) (S 142,56,22) (S 105,21,20) (S 104,20,19) (S 106,21,30)
0 1 6 1646 393 8 (D 38,1,1) (S 137,30,21) (S 21,21,21) (S 107,21,55) (S 162,67,34) (S 34,34,34) (S 12,12,12) (S 42,4,3)
0 1 7 1640 557 8 (D 38,1,1) (S 102,19,28) (S 156,33,32) (S 32,32,32) (S 152,32,50) (S 128,50,27) (S 153,32,61) (S 57,16,1)
0 1 8 1638 527 8 (D 38,1,1) (S 154,33,27) (S 155,33,28) (S 159,65,29) (S 160,65,30) (S 108,21,56) (S 22,22,22) (S 112,44,15)
0 1 9 1638 578 9 (D 38,1,1) (S 70,23,5) (S 5,5,5) (S 48,9,10) (S 7,7,7) (S 50,7,12) (S 51,12,13) (S 84,29,13) (S 52,12,15)
0 1 10 1645 621 9 (D 38,1,1) (S 71,23,19) (S 69,22,23) (S 68,22,12) (S 66,12,20) (S 63,20,3) (S 43,3,4) (S 67,12,18) (S 124,26,35)
0 1 11 1647 419 8 (D 38,1,1) (S 13,13,13) (S 72,13,6) (S 6,6,6) (S 53,13,8) (S 8,8,8) (S 55,8,16) (S 86,16,29)
0 1 12 1644 894 10 (D 38,1,1) (S 74,13,19) (S 4,4,4) (S 46,4,12) (S 65,20,35) (S 93,35,34) (S 91,34,10) (S 10,10,10) (S 60,10,17) (S 117,23,57)
0 1 13 1615 565 10 (D 38,1,1) (S 73,13,9) (S 15,15,15) (S 83,15,14) (S 14,14,14) (S 81,14,26) (S 78,26,25) (S 76,25,21) (S 109,22,21) (S 165,69,56)
0 1 14 1646 833 8 (D 38,1,1) (S 126,50,36) (S 94,36,20) (S 11,11,11) (S 61,11,4) (S 44,4,5) (S 54,8,9) (S 121,25,31)
0 1 15 1583 643 8 (D 38,1,1) (S 127,50,18) (S 148,61,26) (S 26,26,26) (S 125,26,50) (S 96,36,18) (S 151,61,32) (S 147,60,48)
0 1 16 1625 565 7 (D 38,1,1) (S 149,61,50) (S 95,36,35) (S 92,34,48) (S 122,48,34) (S 123,48,26) (S 62,11,35)
0 1 17 1637 425 7 (D 38,1,1) (S 150,61,60) (S 59,17,16) (S 58,16,32) (S 88,32,17) (S 17,17,17) (S 90,17,34)
0 1 18 1641 551 7 (D 38,1,1) (S 110,22,43) (S 111,43,69) (S 166,69,35) (S 113,44,23) (S 23,23,23) (S 119,24,25)
0 1 19 1608 514 6 (D 38,1,1) (S 116,23,24) (S 24,24,24) (S 118,24,16) (S 16,16,16) (S 56,9,31)
0 1 20 1644 732 7 (D 38,1,1) (S 114,23,29) (S 85,29,15) (S 80,14,7) (S 82,14,43) (S 115,23,44) (S 169,36,31)
0 1 21 1583 801 7 (D 38,1,1) (S 144,57,70) (S 167,70,69) (S 143,57,23) (S 168,70,36) (S 25,25,25) (S 120,25,31)
0 1 22 1574 1159 6 (D 38,1,1) (S 77,26,10) (S 79,26,22) (S 75,25,9) (S 87,31,16) (S 37,1,2)
0 1 23 1597 1210 8 (D 38,1,1) (S 31,31,31) (S 145,31,57) (S 89,32,59) (S 146,59,60) (S 2,2,2) (S 39,2,17) (S 41,3,10)
0 1 24 322 420 3 (D 38,1,1) (S 38,2,3) (S 40,3,4)