656
9
1635199
100
0 1 1 75 45 12 (D 1,1,1) (S 2,2,2) (S 64,2,1) (S 72,2,6) (S 6,6,6) (S 102,6,2) (S 104,2,7) (S 57,7,2) (S 41,2,3) (S 55,3,4) (S 4,4,4) (S 91,7,3)
0 1 2 75 69 13 (D 1,1,1) (S 50,2,1) (S 1,1,1) (S 74,1,18) (S 56,18,11) (S 11,11,11) (S 48,11,11) (S 86,11,1) (S 96,11,12) (S 99,12,6) (S 40,12,20) (S 65,12,11) (S 80,41,34)
0 1 3 75 45 10 (D 1,1,1) (S 43,20,21) (S 38,21,17) (S 17,17,17) (S 49,17,19) (S 19,19,19) (S 82,19,24) (S 24,24,24) (S 95,24,29) (S 29,29,29)
0 1 4 75 90 16 (D 1,1,1) (S 90,20,30) (S 79,30,16) (S 16,16,16) (S 59,16,18) (S 75,18,16) (S 44,16,34) (S 70,34,30) (S 87,30,34) (S 37,34,27) (S 27,27,27) (S 46,34,21) (S 42,21,29) (S 93,33,27) (S 77,41,35) (S 105,50,31)
0 1 5 75 64 15 (D 1,1,1) (S 83,7,6) (S 7,7,7) (S 58,7,8) (S 8,8,8) (S 45,8,13) (S 13,13,13) (S 73,13,12) (S 12,12,12) (S 63,12,21) (S 76,21,12) (S 47,7,3) (S 3,3,3) (S 101,7,2) (S 94,13,19)
0 1 6 75 84 10 (D 1,1,1) (S 97,2,1) (S 51,8,4) (S 52,4,5) (S 5,5,5) (S 10,10,10) (S 53,10,15) (S 15,15,15) (S 14,14,14) (S 84,31,29)
0 1 7 74 73 10 (D 1,1,1) (S 98,11,16) (S 100,18,29) (S 36,17,23) (S 23,23,23) (S 28,28,28) (S 71,28,41) (S 35,35,35) (S 39,35,30) (S 30,30,30)
0 1 8 75 104 13 (D 1,1,1) (S 9,9,9) (S 61,9,14) (S 92,14,13) (S 88,9,4) (S 54,3,4) (S 103,4,5) (S 89,19,13) (S 62,24,25) (S 25,25,25) (S 81,25,18) (S 18,18,18) (S 69,18,25)
0 1 9 34 82 9 (D 1,1,1) (S 66,29,24) (S 31,31,31) (S 67,31,50) (S 68,50,29) (S 78,25,31) (S 22,22,22) (S 85,22,34) (S 60,22,41)