747
9
1565999
0
0 1 1 64 57 10 (D 1,1,1) (S 22,1,5) (S 24,5,5) (S 5,5,5) (S 41,5,13) (S 17,13,12) (S 69,12,8) (S 8,8,8) (S 50,8,12) (S 46,12,9)
0 1 2 65 67 10 (D 1,1,1) (S 36,1,1) (S 1,1,1) (S 67,1,3) (S 51,3,1) (S 25,3,7) (S 7,7,7) (S 45,7,6) (S 6,6,6) (S 76,25,16)
0 1 3 64 68 9 (D 1,1,1) (S 18,1,5) (S 53,5,14) (S 65,14,10) (S 10,10,10) (S 56,10,14) (S 48,14,13) (S 52,13,5) (S 66,13,9)
0 1 4 65 68 10 (D 1,1,1) (S 34,5,4) (S 4,4,4) (S 49,4,3) (S 3,3,3) (S 35,3,2) (S 2,2,2) (S 43,2,5) (S 71,6,7) (S 28,7,19)
0 1 5 64 99 10 (D 1,1,1) (S 72,6,1) (S 38,15,6) (S 33,15,19) (S 37,19,18) (S 54,18,15) (S 30,15,14) (S 47,14,5) (S 75,4,12) (S 44,9,13)
0 1 6 65 90 13 (D 1,1,1) (S 64,15,5) (S 31,10,13) (S 13,13,13) (S 68,13,29) (S 55,29,13) (S 78,13,12) (S 12,12,12) (S 63,12,13) (S 42,25,29) (S 62,29,16) (S 16,16,16) (S 77,16,25)
0 1 7 64 84 9 (D 1,1,1) (S 29,10,9) (S 9,9,9) (S 19,9,12) (S 73,12,24) (S 21,24,11) (S 11,11,11) (S 61,11,9) (S 27,12,15)
0 1 8 63 113 10 (D 1,1,1) (S 20,8,11) (S 59,11,12) (S 39,12,29) (S 70,29,15) (S 15,15,15) (S 26,15,24) (S 23,24,27) (S 32,27,15) (S 74,29,12)
0 1 9 52 101 6 (D 1,1,1) (S 57,16,29) (S 60,23,18) (S 40,23,13) (S 14,14,14) (S 58,14,23)