1170
18
13253500
500
0 1 1 74 23 10 (D 1,1,1) (S 39,1,6) (S 110,6,1) (S 38,1,7) (S 7,7,7) (S 46,7,11) (S 60,11,1) (S 1,1,1) (S 131,1,11) (S 59,11,12)
0 1 2 75 45 11 (D 1,1,1) (S 37,1,2) (S 41,2,10) (S 10,10,10) (S 112,10,2) (S 40,2,4) (S 4,4,4) (S 43,4,9) (S 56,9,15) (S 136,15,14) (S 89,26,30)
0 1 3 73 30 13 (D 1,1,1) (S 49,6,12) (S 61,12,13) (S 132,13,12) (S 120,12,6) (S 50,6,13) (S 63,13,14) (S 65,14,15) (S 68,15,5) (S 5,5,5) (S 139,5,15) (S 127,15,9) (S 124,9,8)
0 1 4 74 56 12 (D 1,1,1) (S 48,6,10) (S 51,10,8) (S 122,8,10) (S 52,10,13) (S 121,13,6) (S 116,6,7) (S 109,7,1) (S 62,12,20) (S 133,20,12) (S 130,12,11) (S 143,1,18)
0 1 5 73 53 12 (D 1,1,1) (S 64,13,21) (S 135,21,13) (S 123,13,10) (S 119,10,6) (S 146,20,1) (S 76,1,26) (S 147,26,1) (S 75,1,20) (S 77,20,21) (S 148,21,20) (S 72,18,1)
0 1 6 75 53 13 (D 1,1,1) (S 78,20,30) (S 160,30,26) (S 144,26,18) (S 73,18,26) (S 88,26,29) (S 159,29,26) (S 90,26,34) (S 170,34,30) (S 99,30,34) (S 12,34,40) (S 22,40,47) (S 34,47,48)
0 1 7 75 74 9 (D 1,1,1) (S 45,7,6) (S 117,11,7) (S 47,7,18) (S 74,18,29) (S 145,29,18) (S 118,18,7) (S 162,30,27) (S 91,27,30)
0 1 8 75 69 11 (D 1,1,1) (S 134,14,13) (S 125,14,8) (S 53,8,9) (S 114,9,4) (S 111,4,2) (S 108,2,1) (S 66,14,22) (S 81,22,5) (S 152,5,22) (S 67,15,16)
0 1 9 73 57 10 (D 1,1,1) (S 80,21,27) (S 151,27,21) (S 79,21,22) (S 137,22,14) (S 84,5,31) (S 101,31,37) (S 172,37,31) (S 155,31,5) (S 83,5,24)
0 1 10 75 71 11 (D 1,1,1) (S 54,8,14) (S 57,9,16) (S 138,16,15) (S 55,9,8) (S 8,8,8) (S 115,8,6) (S 6,6,6) (S 44,6,8) (S 58,8,17) (S 95,28,32)
0 1 11 75 67 10 (D 1,1,1) (S 70,16,24) (S 85,24,3) (S 3,3,3) (S 156,3,24) (S 141,24,16) (S 128,16,9) (S 69,16,17) (S 129,17,8) (S 140,17,16)
0 1 12 75 72 11 (D 1,1,1) (S 149,30,20) (S 98,29,39) (S 176,39,33) (S 105,33,39) (S 169,39,29) (S 97,29,33) (S 106,33,40) (S 177,40,33) (S 104,33,34) (S 11,34,35)
0 1 13 75 65 12 (D 1,1,1) (S 150,22,21) (S 93,27,35) (S 13,35,36) (S 15,36,37) (S 18,37,43) (S 28,43,45) (S 32,45,50) (S 31,50,44) (S 27,44,42) (S 16,42,36) (S 165,36,27)
0 1 14 72 65 13 (D 1,1,1) (S 82,22,31) (S 100,31,32) (S 166,32,28) (S 158,28,3) (S 87,3,28) (S 96,28,38) (S 19,38,43) (S 26,43,42) (S 23,42,9) (S 9,9,9) (S 24,9,48) (S 25,9,2)
0 1 15 74 82 10 (D 1,1,1) (S 175,34,33) (S 168,33,29) (S 161,34,26) (S 21,40,9) (S 14,9,35) (S 164,35,27) (S 92,27,31) (S 153,31,22) (S 163,31,27)
0 1 16 72 86 10 (D 1,1,1) (S 94,27,36) (S 173,37,32) (S 171,32,31) (S 17,37,38) (S 174,38,32) (S 102,32,37) (S 29,43,50) (S 36,50,2) (S 30,2,44)
0 1 17 74 96 9 (D 1,1,1) (S 86,24,32) (S 157,32,24) (S 154,24,5) (S 103,32,38) (S 167,38,28) (S 142,3,17) (S 71,17,3) (S 20,38,45)
0 1 18 64 106 8 (D 1,1,1) (S 42,4,6) (S 113,6,4) (S 126,8,9) (S 33,47,46) (S 178,46,33) (S 107,33,46) (S 35,48,2)