683
8
2559900
200
0 1 1 39 56 7 (D 1,1,1) (S 13,1,1) (S 1,1,1) (S 19,4,2) (S 2,2,2) (S 18,4,3) (S 39,15,12)
0 1 2 39 55 7 (D 1,1,1) (S 30,1,2) (S 36,9,2) (S 17,9,6) (S 6,6,6) (S 32,6,7) (S 35,7,3)
0 1 3 39 86 8 (D 1,1,1) (S 40,9,19) (S 21,19,22) (S 38,22,23) (S 43,23,11) (S 11,11,11) (S 41,11,23) (S 44,15,9)
0 1 4 39 75 5 (D 1,1,1) (S 42,19,9) (S 22,19,11) (S 15,11,12) (S 12,12,12)
0 1 5 40 84 7 (D 1,1,1) (S 7,7,7) (S 20,7,15) (S 9,9,9) (S 33,9,8) (S 27,13,17) (S 37,14,10)
0 1 6 38 133 7 (D 1,1,1) (S 23,23,22) (S 26,23,24) (S 29,24,12) (S 24,24,23) (S 45,17,13) (S 8,8,8)
0 1 7 39 119 7 (D 1,1,1) (S 14,17,10) (S 10,10,10) (S 31,14,13) (S 34,8,7) (S 28,8,4) (S 25,8,5)
0 1 8 7 75 2 (D 1,1,1) (S 16,14,8)