591
9
3249800
100
0 1 1 75 26 14 (D 1,1,1) (S 100,1,5) (S 5,5,5) (S 79,5,1) (S 103,5,10) (S 10,10,10) (S 47,10,11) (S 11,11,11) (S 50,11,12) (S 12,12,12) (S 48,12,7) (S 7,7,7) (S 85,7,6) (S 74,6,7)
0 1 2 75 63 15 (D 1,1,1) (S 73,5,7) (S 88,7,6) (S 6,6,6) (S 93,6,7) (S 55,7,2) (S 2,2,2) (S 67,2,1) (S 1,1,1) (S 102,7,10) (S 105,10,5) (S 107,9,10) (S 94,10,7) (S 78,23,26) (S 26,26,26)
0 1 3 75 43 13 (D 1,1,1) (S 57,5,4) (S 4,4,4) (S 8,8,8) (S 63,8,16) (S 16,16,16) (S 92,16,23) (S 68,26,30) (S 30,30,30) (S 61,30,36) (S 36,36,36) (S 51,36,37) (S 99,37,44)
0 1 4 75 66 12 (D 1,1,1) (S 89,7,5) (S 96,8,4) (S 15,15,15) (S 90,15,29) (S 60,29,29) (S 29,29,29) (S 58,29,30) (S 43,43,43) (S 65,43,44) (S 44,44,44) (S 72,44,37)
0 1 5 75 52 13 (D 1,1,1) (S 62,12,13) (S 13,13,13) (S 87,13,21) (S 21,21,21) (S 53,21,22) (S 22,22,22) (S 71,21,20) (S 20,20,20) (S 91,20,27) (S 27,27,27) (S 82,27,33) (S 83,41,39)
0 1 6 75 53 12 (D 1,1,1) (S 18,18,18) (S 59,18,24) (S 24,24,24) (S 49,24,31) (S 31,31,31) (S 66,31,32) (S 32,32,32) (S 38,38,38) (S 98,38,40) (S 40,40,40) (S 46,46,46)
0 1 7 75 103 14 (D 1,1,1) (S 69,7,13) (S 86,13,7) (S 19,19,19) (S 106,19,18) (S 110,27,20) (S 81,27,19) (S 33,33,33) (S 70,33,32) (S 77,38,37) (S 37,37,37) (S 45,45,45) (S 64,45,40) (S 56,40,46)
0 1 8 74 62 12 (D 1,1,1) (S 84,33,39) (S 39,39,39) (S 54,39,34) (S 34,34,34) (S 108,34,25) (S 25,25,25) (S 101,25,28) (S 28,28,28) (S 80,28,34) (S 41,41,41) (S 104,41,46)
0 1 9 44 123 9 (D 1,1,1) (S 52,29,42) (S 42,42,42) (S 97,45,44) (S 76,46,39) (S 75,31,37) (S 14,14,14) (S 109,14,10) (S 95,10,14)