5364
8
4549900
300
0 1 1 1940 706  12 (D 0,1,1) (S 41,1,11) (S 9,11,11) (S 49,11,20) (S 17,20,20) (S 53,20,28) (S 25,28,28) (S 68,37,28) (S 62,30,31) (S 54,22,23) (S 59,27,19) (D 0,1,1)
0 1 2 1929 704  10 (D 0,1,1) (S 1,2,2) (S 42,2,1) (S 39,2,12) (S 10,12,12) (S 48,11,12) (S 26,29,29) (S 60,29,28) (S 64,33,24) (D 0,1,1)
0 1 3 1909 521  9 (D 0,1,1) (S 61,29,30) (S 27,30,30) (S 28,31,31) (S 40,31,22) (S 19,22,22) (S 63,31,30) (S 50,15,14) (D 0,1,1)
0 1 4 1899 781  11 (D 0,1,1) (S 3,5,5) (S 43,5,4) (S 2,4,4) (S 44,5,6) (S 4,6,6) (S 45,6,5) (S 46,6,16) (S 65,33,32) (S 72,43,36) (D 0,1,1)
0 1 5 1927 601  9 (D 0,1,1) (S 12,15,15) (S 51,15,16) (S 13,16,16) (S 21,24,24) (S 55,24,33) (S 66,33,34) (S 69,41,33) (D 0,1,1)
0 1 6 1887 562  9 (D 0,1,1) (S 6,8,8) (S 47,8,10) (S 8,10,10) (S 16,19,19) (S 52,19,18) (S 15,18,18) (S 58,26,18) (D 0,1,1)
0 1 7 1817 697  8 (D 0,1,1) (S 22,25,25) (S 57,25,34) (S 56,25,26) (S 23,26,26) (S 32,36,36) (S 70,41,40) (D 0,1,1)
0 1 8 1402 792  7 (D 0,1,1) (S 37,42,42) (S 71,42,43) (S 38,43,43) (S 73,43,42) (S 67,36,43) (D 0,1,1)