6104
10
5649999
200
0 1 1 1514 512 9 (D 15,1,1) (S 10,10,10) (S 26,10,27) (S 50,27,26) (S 12,12,12) (S 25,12,19) (S 43,19,20) (S 11,11,11) (S 51,28,34)
0 1 2 1522 302 5 (D 15,1,1) (S 44,10,20) (S 8,8,8) (S 41,8,13) (S 40,13,19)
0 1 3 1533 761 10 (D 15,1,1) (S 42,16,17) (S 23,17,9) (S 9,9,9) (S 24,9,24) (S 49,24,30) (S 27,29,23) (S 48,23,11) (S 36,10,9) (S 35,6,5)
0 1 4 1508 514 6 (D 15,1,1) (S 21,16,10) (S 20,10,3) (S 3,3,3) (S 18,3,2) (S 53,14,26)
0 1 5 1535 599 7 (D 15,1,1) (S 47,11,28) (S 55,34,33) (S 29,33,14) (S 14,14,14) (S 28,14,13) (S 56,35,29)
0 1 6 1518 828 8 (D 15,1,1) (S 46,11,23) (S 45,11,16) (S 37,10,6) (S 6,6,6) (S 38,6,5) (S 22,6,7) (S 32,16,15)
0 1 7 1395 586 7 (D 15,1,1) (S 54,33,39) (S 61,39,33) (S 31,39,15) (S 15,15,15) (S 62,39,38) (S 59,38,37)
0 1 8 1396 386 6 (D 15,1,1) (S 17,2,1) (S 1,1,1) (S 33,1,4) (S 4,4,4) (S 19,9,2)
0 1 9 1507 827 7 (D 15,1,1) (S 34,5,6) (S 7,7,7) (S 39,7,9) (S 58,36,30) (S 30,36,35) (S 63,16,42)
0 1 10 1389 789 5 (D 15,1,1) (S 60,38,39) (S 13,13,13) (S 52,13,12) (S 57,35,16)