389
7
540799
200
0 1 1 45 81 8 (D 1,1,1) (S 33,1,12) (S 7,7,7) (S 35,7,12) (S 31,20,15) (S 39,15,20) (S 40,15,13) (S 24,13,10)
0 1 2 44 22 4 (D 1,1,1) (S 16,1,20) (S 28,20,13) (S 13,13,13)
0 1 3 44 35 8 (D 1,1,1) (S 30,1,8) (S 8,8,8) (S 22,8,5) (S 5,5,5) (S 26,12,8) (S 36,1,3) (S 3,3,3)
0 1 4 45 42 6 (D 1,1,1) (S 2,2,2) (S 17,2,10) (S 38,10,1) (S 1,1,1) (S 32,12,10)
0 1 5 45 106 9 (D 1,1,1) (S 37,13,24) (S 21,24,23) (S 25,24,13) (S 15,5,12) (S 18,12,16) (S 23,16,10) (S 34,16,15) (S 29,8,9)
0 1 6 44 61 4 (D 1,1,1) (S 27,5,4) (S 4,4,4) (S 19,13,9)
0 1 7 15 42 4 (D 1,1,1) (S 11,11,11) (S 20,11,9) (S 9,9,9)