41261
18
190389700
100
0 1 1 3982 3011 30 (D 365,1,1) (S 357,365,364) (S 384,364,390) (S 383,390,279) (S 279,279,279) (S 382,279,389) (S 431,389,264) (S 264,264,264) (S 430,264,432) (S 444,445,446) (S 449,448,417) (S 415,417,41) (S 41,41,41) (S 412,41,415) (S 414,415,376) (S 368,376,375) (S 410,375,413) (S 411,375,414) (S 16,16,16) (S 437,16,437) (S 407,412,39) (S 39,39,39) (S 413,39,416) (S 406,411,346) (S 347,353,352) (S 375,348,382) (S 337,337,336) (S 590,606,573) (S 510,526,527) (S 623,645,646)
0 1 2 3986 1296 38 (D 365,1,1) (S 7,7,7) (S 356,7,356) (S 351,356,357) (S 45,45,45) (S 432,45,348) (S 344,348,349) (S 419,349,419) (S 345,349,350) (S 285,285,285) (S 447,285,27) (S 27,27,27) (S 377,27,383) (S 448,27,417) (S 442,443,444) (S 465,466,467) (S 380,386,387) (S 418,386,287) (S 287,287,287) (S 417,287,418) (S 416,418,404) (S 398,404,403) (S 450,287,275) (S 275,275,275) (S 454,452,453) (S 423,423,44) (S 44,44,44) (S 451,423,38) (S 38,38,38) (S 440,38,441) (S 402,38,355) (S 350,355,339) (S 338,339,338) (S 349,339,4) (S 4,4,4) (S 453,4,451) (S 473,477,478) (S 89,89,89)
0 1 3 3988 890 21 (D 365,1,1) (S 267,267,267) (S 336,267,67) (S 67,67,67) (S 48,48,48) (S 435,48,435) (S 457,456,457) (S 446,447,410) (S 403,410,358) (S 404,358,281) (S 281,281,281) (S 441,281,442) (S 459,442,460) (S 455,442,454) (S 456,454,455) (S 460,454,461) (S 352,358,359) (S 405,353,346) (S 343,346,347) (S 40,40,40) (S 433,402,433)
0 1 4 3998 3332 22 (D 365,1,1) (S 346,352,351) (S 348,352,354) (S 408,412,40) (S 409,40,402) (S 397,402,35) (S 35,35,35) (S 396,35,401) (S 401,401,409) (S 273,273,273) (S 391,273,396) (S 464,396,429) (S 427,429,428) (S 426,428,427) (S 469,473,425) (S 425,425,426) (S 428,428,430) (S 429,429,431) (S 559,431,508) (S 496,508,509) (S 617,470,639) (S 698,731,732)
0 1 5 3973 1771 28 (D 365,1,1) (S 272,272,272) (S 443,272,51) (S 51,51,51) (S 439,439,440) (S 434,433,434) (S 43,43,43) (S 420,43,420) (S 445,420,64) (S 64,64,64) (S 579,595,596) (S 580,596,526) (S 581,571,597) (S 582,597,598) (S 583,598,557) (S 542,557,558) (S 584,599,529) (S 512,529,511) (S 498,511,102) (S 102,102,102) (S 585,529,530) (S 513,530,531) (S 506,521,298) (S 298,298,298) (S 508,298,523) (S 507,523,522) (S 578,522,594) (S 511,521,528)
0 1 6 4000 1631 22 (D 365,1,1) (S 21,21,21) (S 424,21,424) (S 80,80,80) (S 611,80,631) (S 503,494,517) (S 527,517,544) (S 504,518,519) (S 523,519,539) (S 566,539,581) (S 524,539,540) (S 505,519,520) (S 484,494,495) (S 616,637,638) (S 614,634,635) (S 467,468,470) (S 468,471,472) (S 466,468,469) (S 421,421,360) (S 422,360,422) (S 392,397,262) (S 262,262,262)
0 1 7 3989 1084 24 (D 365,1,1) (S 393,397,398) (S 395,400,5) (S 5,5,5) (S 528,477,109) (S 109,109,109) (S 598,614,613) (S 539,553,86) (S 86,86,86) (S 532,86,548) (S 533,548,549) (S 534,550,112) (S 112,112,112) (S 94,94,94) (S 576,94,592) (S 485,94,496) (S 486,496,497) (S 555,497,501) (S 489,501,502) (S 546,502,562) (S 569,562,584) (S 115,115,115) (S 545,115,561) (S 544,561,560)
0 1 8 3966 1562 31 (D 365,1,1) (S 458,458,459) (S 353,360,361) (S 461,462,463) (S 476,482,483) (S 477,483,87) (S 87,87,87) (S 93,93,93) (S 483,93,493) (S 561,93,575) (S 599,89,615) (S 478,484,485) (S 577,486,593) (S 479,486,305) (S 305,305,305) (S 538,305,114) (S 114,114,114) (S 113,113,113) (S 597,113,612) (S 531,547,546) (S 526,484,543) (S 108,108,108) (S 529,108,545) (S 530,545,302) (S 302,302,302) (S 567,302,582) (S 480,488,487) (S 568,550,583) (S 600,616,617) (S 304,304,304) (S 541,304,556)
0 1 9 3982 1447 36 (D 365,1,1) (S 589,605,301) (S 301,301,301) (S 540,554,555) (S 618,555,640) (S 619,641,642) (S 535,524,551) (S 536,551,552) (S 537,552,516) (S 501,516,515) (S 592,515,551) (S 591,551,606) (S 560,573,574) (S 509,524,525) (S 502,516,104) (S 104,104,104) (S 515,104,533) (S 516,534,506) (S 522,506,538) (S 603,579,318) (S 318,318,318) (S 565,579,580) (S 521,506,106) (S 106,106,106) (S 520,106,96) (S 96,96,96) (S 490,96,97) (S 97,97,97) (S 491,503,504) (S 492,504,505) (S 494,505,307) (S 307,307,307) (S 493,505,496) (S 488,500,499) (S 487,499,498) (S 593,607,589)
0 1 10 3996 1895 29 (D 365,1,1) (S 474,479,293) (S 293,293,293) (S 399,406,405) (S 462,464,465) (S 481,489,490) (S 514,104,532) (S 495,506,507) (S 610,507,98) (S 98,98,98) (S 127,127,127) (S 574,127,126) (S 126,126,126) (S 604,507,622) (S 471,475,476) (S 472,476,125) (S 125,125,125) (S 573,476,589) (S 563,504,576) (S 306,306,306) (S 562,306,119) (S 119,119,119) (S 517,501,535) (S 519,535,537) (S 518,535,536) (S 547,502,563) (S 548,563,564) (S 549,564,565) (S 550,566,560)
0 1 11 3999 2329 26 (D 365,1,1) (S 575,590,591) (S 152,152,152) (S 596,152,91) (S 91,91,91) (S 556,571,541) (S 525,541,542) (S 572,586,588) (S 571,586,587) (S 557,541,492) (S 558,492,572) (S 570,572,585) (S 482,492,491) (S 296,296,296) (S 361,296,368) (S 376,368,23) (S 23,23,23) (S 295,295,295) (S 362,295,9) (S 9,9,9) (S 463,9,369) (S 363,369,10) (S 10,10,10) (S 373,10,367) (S 374,10,381) (S 365,370,371)
0 1 12 3995 2260 26 (D 365,1,1) (S 551,567,568) (S 609,629,630) (S 543,560,559) (S 588,604,603) (S 587,602,601) (S 622,601,474) (S 470,474,292) (S 292,292,292) (S 625,480,648) (S 628,648,652) (S 630,652,654) (S 629,652,653) (S 631,655,656) (S 686,656,650) (S 626,650,649) (S 682,649,717) (S 627,650,651) (S 475,480,481) (S 163,163,163) (S 676,163,711) (S 164,164,164) (S 639,164,665) (S 201,201,201) (S 688,201,723) (S 689,724,235)
0 1 13 3972 1692 23 (D 365,1,1) (S 19,19,19) (S 371,19,20) (S 20,20,20) (S 388,20,393) (S 387,393,394) (S 389,393,385) (S 379,385,29) (S 29,29,29) (S 378,29,384) (S 390,385,395) (S 360,368,367) (S 372,367,340) (S 339,340,341) (S 340,341,342) (S 341,342,343) (S 394,341,399) (S 8,8,8) (S 359,8,366) (S 369,377,378) (S 342,345,344) (S 364,344,370) (S 366,372,373)
0 1 14 3970 2529 17 (D 365,1,1) (S 438,392,438) (S 386,392,32) (S 32,32,32) (S 400,407,408) (S 436,372,436) (S 367,373,374) (S 385,373,391) (S 358,344,366) (S 354,345,362) (S 381,381,388) (S 355,295,363) (S 370,379,380) (S 499,512,513) (S 553,513,569) (S 594,608,609) (S 452,449,450)
0 1 15 3970 3757 27 (D 365,1,1) (S 552,512,569) (S 554,569,570) (S 500,513,514) (S 586,600,449) (S 605,623,624) (S 601,618,619) (S 606,619,625) (S 607,620,626) (S 608,627,628) (S 146,146,146) (S 612,146,632) (S 147,147,147) (S 615,147,636) (S 602,620,621) (S 564,577,578) (S 497,510,100) (S 100,100,100) (S 150,150,150) (S 613,150,633) (S 595,611,610) (S 177,177,177) (S 658,177,178) (S 178,178,178) (S 659,689,690) (S 677,712,202) (S 202,202,202)
0 1 16 3994 2537 33 (D 365,1,1) (S 687,722,321) (S 321,321,321) (S 234,234,234) (S 640,234,666) (S 632,657,658) (S 633,658,659) (S 634,659,660) (S 635,660,661) (S 636,661,662) (S 641,662,667) (S 645,658,672) (S 685,672,721) (S 690,725,241) (S 241,241,241) (S 691,725,673) (S 647,673,675) (S 646,673,674) (S 162,162,162) (S 638,162,664) (S 637,663,238) (S 238,238,238) (S 655,684,683) (S 693,683,680) (S 681,680,716) (S 652,680,681) (S 653,681,682) (S 170,170,170) (S 654,170,326) (S 326,326,326) (S 694,170,728) (S 650,677,678) (S 620,643,644)
0 1 17 3964 3320 26 (D 365,1,1) (S 651,678,679) (S 679,679,714) (S 680,679,715) (S 660,691,692) (S 643,644,166) (S 166,166,166) (S 644,670,671) (S 649,668,676) (S 683,676,718) (S 648,676,157) (S 157,157,157) (S 674,707,708) (S 692,726,727) (S 158,158,158) (S 621,158,159) (S 159,159,159) (S 642,668,669) (S 678,202,713) (S 624,646,647) (S 684,719,720) (S 665,698,699) (S 189,189,189) (S 666,189,700) (S 191,191,191) (S 668,191,701)
0 1 18 2078 4918 28 (D 365,1,1) (S 670,702,703) (S 671,704,195) (S 195,195,195) (S 199,199,199) (S 672,199,705) (S 200,200,200) (S 673,200,706) (S 667,700,190) (S 190,190,190) (S 657,687,688) (S 185,185,185) (S 669,185,194) (S 194,194,194) (S 663,695,694) (S 662,694,693) (S 661,693,180) (S 180,180,180) (S 244,244,244) (S 695,244,335) (S 335,335,335) (S 656,685,686) (S 664,696,697) (S 254,254,254) (S 696,254,729) (S 697,730,731) (S 699,731,733) (S 675,709,710)