138
8
1136099
400
0 1 1 26 15 5 (D 1,1,1) (S 18,1,2) (S 2,2,2) (S 25,2,3) (S 30,1,11)
0 1 2 26 13 8 (D 1,1,1) (S 32,1,5) (S 5,5,5) (S 11,5,7) (S 7,7,7) (S 13,7,4) (S 4,4,4) (S 28,1,6)
0 1 3 26 11 6 (D 1,1,1) (S 22,1,7) (S 16,1,10) (S 19,2,6) (S 6,6,6) (S 29,6,10)
0 1 4 26 20 5 (D 1,1,1) (S 26,1,11) (S 14,6,4) (S 33,4,10) (S 17,2,10)
0 1 5 27 25 6 (D 1,1,1) (S 23,4,11) (S 12,6,8) (S 8,8,8) (S 9,8,3) (S 21,3,4)
0 1 6 27 10 3 (D 1,1,1) (S 10,6,3) (S 3,3,3)
0 1 7 27 18 4 (D 1,1,1) (S 1,1,1) (S 15,1,2) (S 27,1,4)
0 1 8 20 26 4 (D 1,1,1) (S 24,1,8) (S 20,8,10) (S 31,3,11)