10277
15
20446700
200
0 1 1 1823 450 12 (D 72,1,1) (S 20,20,20) (S 77,20,60) (S 78,60,61) (S 81,61,25) (S 25,25,25) (S 92,25,24) (S 24,24,24) (S 91,70,83) (S 104,83,96) (S 114,93,27) (S 87,67,66)
0 1 2 1828 535 11 (D 72,1,1) (S 80,61,21) (S 21,21,21) (S 82,21,75) (S 108,87,29) (S 29,29,29) (S 109,29,75) (S 110,29,89) (S 111,90,26) (S 95,76,89) (S 83,22,64)
0 1 3 1820 649 9 (D 72,1,1) (S 79,61,48) (S 66,47,46) (S 64,45,44) (S 63,44,17) (S 17,17,17) (S 61,17,10) (S 52,8,14) (S 90,23,68)
0 1 4 1819 1071 11 (D 72,1,1) (S 65,45,58) (S 76,58,71) (S 23,23,23) (S 89,23,18) (S 18,18,18) (S 62,17,16) (S 53,28,9) (S 2,2,2) (S 42,2,7) (S 123,111,112)
0 1 5 1808 493 8 (D 72,1,1) (S 11,11,11) (S 56,11,20) (S 45,21,20) (S 4,4,4) (S 43,4,11) (S 44,13,26) (S 49,25,38)
0 1 6 1824 472 10 (D 72,1,1) (S 103,83,84) (S 105,84,71) (S 88,68,67) (S 98,79,27) (S 27,27,27) (S 99,27,28) (S 28,28,28) (S 101,28,94) (S 113,30,79)
0 1 7 1823 883 9 (D 72,1,1) (S 75,58,20) (S 67,47,60) (S 84,64,51) (S 68,49,21) (S 85,65,52) (S 69,52,51) (S 57,36,37) (S 48,25,24)
0 1 8 1799 846 9 (D 72,1,1) (S 55,31,32) (S 58,37,38) (S 86,65,78) (S 97,78,26) (S 26,26,26) (S 96,26,76) (S 93,76,22) (S 46,22,9)
0 1 9 1793 696 9 (D 72,1,1) (S 19,19,19) (S 74,19,70) (S 73,19,44) (S 10,10,10) (S 54,10,31) (S 51,8,28) (S 71,54,67) (S 102,82,83)
0 1 10 1824 530 10 (D 72,1,1) (S 106,85,86) (S 112,90,91) (S 33,33,33) (S 120,33,103) (S 119,102,32) (S 32,32,32) (S 124,113,38) (S 38,38,38) (S 118,98,97)
0 1 11 1824 998 8 (D 72,1,1) (S 107,85,98) (S 115,97,84) (S 116,97,96) (S 100,28,82) (S 117,97,110) (S 122,110,111) (S 50,26,25)
0 1 12 1776 863 7 (D 72,1,1) (S 16,16,16) (S 60,16,15) (S 15,15,15) (S 70,54,15) (S 72,55,68) (S 47,24,37)
0 1 13 1551 806 6 (D 72,1,1) (S 59,16,9) (S 9,9,9) (S 40,2,15) (S 41,3,4) (S 94,76,75)
0 1 14 1816 573 7 (D 72,1,1) (S 35,35,35) (S 121,35,36) (S 36,36,36) (S 125,115,39) (S 39,39,39) (S 126,39,117)
0 1 15 332 412 2 (D 72,1,1) (S 127,117,33)