488
9
2285900
100
0 1 1 27 39 9 (D 1,1,1) (S 35,1,19) (S 12,1,1) (S 1,1,1) (S 30,12,13) (S 32,13,7) (S 7,7,7) (S 25,25,11) (S 22,23,11)
0 1 2 27 46 6 (D 1,1,1) (S 19,1,17) (S 23,15,17) (S 17,15,1) (S 21,1,24) (S 18,23,22)
0 1 3 27 79 6 (D 1,1,1) (S 13,1,27) (S 42,24,27) (S 45,23,24) (S 39,22,25) (S 24,5,7)
0 1 4 27 28 6 (D 1,1,1) (S 2,2,2) (S 29,2,5) (S 5,5,5) (S 27,5,6) (S 14,6,3)
0 1 5 27 67 6 (D 1,1,1) (S 43,2,8) (S 38,8,9) (S 15,9,4) (S 4,4,4) (S 33,15,20)
0 1 6 27 65 5 (D 1,1,1) (S 34,2,3) (S 3,3,3) (S 16,3,5) (S 28,7,20)
0 1 7 25 36 4 (D 1,1,1) (S 20,13,15) (S 26,7,9) (S 9,9,9)
0 1 8 25 88 5 (D 1,1,1) (S 41,5,9) (S 36,7,11) (S 31,7,10) (S 44,10,25)
0 1 9 23 40 4 (D 1,1,1) (S 37,9,25) (S 40,20,10) (S 10,10,10)