663
8
1955699
200
0 1 1 75 32 8 (D 1,1,1) (S 51,1,6) (S 6,6,6) (S 10,10,10) (S 36,10,9) (S 9,9,9) (S 41,9,16) (S 16,16,16)
0 1 2 75 54 9 (D 1,1,1) (S 5,5,5) (S 72,5,1) (S 67,10,6) (S 11,11,11) (S 30,11,12) (S 12,12,12) (S 55,12,18) (S 18,18,18)
0 1 3 75 67 13 (D 1,1,1) (S 52,16,17) (S 17,17,17) (S 63,17,11) (S 34,11,8) (S 45,8,9) (S 38,9,7) (S 7,7,7) (S 43,7,2) (S 2,2,2) (S 66,2,7) (S 40,2,9) (S 56,9,12)
0 1 4 75 79 13 (D 1,1,1) (S 35,12,22) (S 32,22,19) (S 19,19,19) (S 46,22,24) (S 24,24,24) (S 62,24,34) (S 37,34,33) (S 69,33,27) (S 27,27,27) (S 47,27,23) (S 23,23,23) (S 48,23,27)
0 1 5 74 105 10 (D 1,1,1) (S 53,17,16) (S 21,21,21) (S 31,21,22) (S 22,22,22) (S 28,22,31) (S 50,31,27) (S 33,31,26) (S 26,26,26) (S 61,34,24)
0 1 6 75 137 13 (D 1,1,1) (S 64,18,17) (S 49,18,12) (S 29,18,22) (S 59,24,22) (S 71,24,23) (S 42,34,20) (S 20,20,20) (S 57,20,8) (S 8,8,8) (S 54,8,4) (S 65,4,8) (S 44,3,2)
0 1 7 67 88 8 (D 1,1,1) (S 25,25,25) (S 70,25,15) (S 15,15,15) (S 13,13,13) (S 39,13,14) (S 14,14,14) (S 60,8,7)
0 1 8 25 101 3 (D 1,1,1) (S 58,13,19) (S 68,8,20)