12068
20
22817400
399
0 1 1 1980 266 10 (D 1,1,1) (S 63,1,1) (S 1,1,1) (S 64,1,2) (S 2,2,2) (S 55,2,3) (S 3,3,3) (S 66,3,4) (S 68,5,6) (S 71,6,16)
0 1 2 1987 310 10 (D 1,1,1) (S 56,11,9) (S 9,9,9) (S 74,11,8) (S 8,8,8) (S 73,8,19) (S 86,19,20) (S 87,20,19) (S 85,19,8) (S 75,11,20)
0 1 3 1964 370 9 (D 1,1,1) (S 65,2,9) (S 13,13,13) (S 88,13,22) (S 90,22,23) (S 91,23,14) (S 14,14,14) (S 15,15,15) (S 94,15,21)
0 1 4 1980 269 7 (D 1,1,1) (S 4,4,4) (S 67,4,5) (S 5,5,5) (S 69,5,11) (S 11,11,11) (S 79,11,5)
0 1 5 1967 585 13 (D 1,1,1) (S 89,22,10) (S 10,10,10) (S 77,10,14) (S 78,14,10) (S 76,10,9) (S 92,14,15) (S 93,15,16) (S 16,16,16) (S 95,16,12) (S 12,12,12) (S 82,12,7) (S 7,7,7)
0 1 6 1989 520 9 (D 1,1,1) (S 6,6,6) (S 70,6,7) (S 72,7,9) (S 83,12,16) (S 81,16,11) (S 80,11,14) (S 21,21,21) (S 20,20,20)
0 1 7 1955 647 10 (D 1,1,1) (S 101,30,13) (S 57,30,29) (S 99,29,20) (S 24,24,24) (S 112,24,40) (S 114,40,41) (S 115,41,19) (S 19,19,19) (S 111,24,18)
0 1 8 1952 600 10 (D 1,1,1) (S 107,21,20) (S 104,20,14) (S 96,16,22) (S 22,22,22) (S 108,22,21) (S 105,20,19) (S 102,19,23) (S 100,29,38) (S 113,40,18)
0 1 9 1950 629 11 (D 1,1,1) (S 17,17,17) (S 97,17,18) (S 84,12,18) (S 58,20,42) (S 118,42,33) (S 33,33,33) (S 132,33,32) (S 131,32,41) (S 116,41,42) (S 25,25,25)
0 1 10 1977 488 9 (D 1,1,1) (S 30,30,30) (S 128,30,35) (S 35,35,35) (S 138,35,43) (S 43,43,43) (S 153,43,49) (S 49,49,49) (S 163,49,50)
0 1 11 1983 548 8 (D 1,1,1) (S 60,30,29) (S 29,29,29) (S 28,28,28) (S 126,28,37) (S 59,37,38) (S 130,31,36) (S 129,31,30)
0 1 12 1969 889 10 (D 1,1,1) (S 103,20,23) (S 106,20,25) (S 120,25,21) (S 117,42,25) (S 122,25,26) (S 26,26,26) (S 123,26,22) (S 119,25,20) (S 124,26,27)
0 1 13 1989 812 9 (D 1,1,1) (S 98,28,19) (S 137,35,34) (S 34,34,34) (S 135,34,29) (S 127,28,53) (S 136,34,35) (S 139,36,31) (S 151,42,34)
0 1 14 1974 532 8 (D 1,1,1) (S 31,31,31) (S 61,31,32) (S 32,32,32) (S 36,36,36) (S 140,36,37) (S 142,37,38) (S 39,39,39)
0 1 15 1988 606 10 (D 1,1,1) (S 23,23,23) (S 110,23,27) (S 27,27,27) (S 125,27,40) (S 40,40,40) (S 148,40,39) (S 146,39,52) (S 134,52,33) (S 37,37,37)
0 1 16 1937 736 8 (D 1,1,1) (S 109,23,22) (S 121,25,42) (S 141,37,32) (S 38,38,38) (S 145,38,66) (S 159,66,45) (S 156,45,37)
0 1 17 1987 727 9 (D 1,1,1) (S 42,42,42) (S 152,42,48) (S 48,48,48) (S 162,48,49) (S 50,50,50) (S 164,50,44) (S 155,44,49) (S 158,45,51)
0 1 18 1941 1096 10 (D 1,1,1) (S 144,38,39) (S 143,38,33) (S 62,66,46) (S 46,46,46) (S 133,52,25) (S 147,40,27) (S 45,45,45) (S 157,45,44) (S 165,51,52)
0 1 19 1919 687 8 (D 1,1,1) (S 41,41,41) (S 150,41,47) (S 47,47,47) (S 160,47,48) (S 161,48,42) (S 149,41,53) (S 44,44,44)
0 1 20 1279 751 7 (D 1,1,1) (S 154,44,36) (S 52,52,52) (S 167,52,53) (S 53,53,53) (S 168,53,46) (S 166,52,66)