556
7
689699
100
0 1 1 39 56 7 (D 1,1,1) (S 21,1,1) (S 1,1,1) (S 18,4,2) (S 2,2,2) (S 20,4,5) (S 36,21,8)
0 1 2 40 96 7 (D 1,1,1) (S 24,1,2) (S 27,9,2) (S 22,9,5) (S 5,5,5) (S 39,13,15) (S 31,7,11)
0 1 3 40 82 5 (D 1,1,1) (S 37,9,12) (S 12,12,12) (S 17,12,14) (S 38,10,13)
0 1 4 39 71 7 (D 1,1,1) (S 26,5,11) (S 19,11,8) (S 8,8,8) (S 34,11,5) (S 23,5,5) (S 30,15,13)
0 1 5 40 99 6 (D 1,1,1) (S 28,11,5) (S 15,15,15) (S 33,15,16) (S 16,16,16) (S 32,21,16)
0 1 6 37 93 6 (D 1,1,1) (S 9,9,9) (S 35,9,8) (S 29,13,10) (S 10,10,10) (S 40,7,4)
0 1 7 25 59 3 (D 1,1,1) (S 6,6,6) (S 25,6,11)