780
9
3190700
100
0 1 1 64 52 10 (D 1,1,1) (S 40,1,2) (S 2,2,2) (S 36,1,2) (S 72,2,1) (S 1,1,1) (S 26,1,7) (S 7,7,7) (S 69,6,7) (S 66,4,4)
0 1 2 64 50 8 (D 1,1,1) (S 54,2,6) (S 6,6,6) (S 67,6,11) (S 11,11,11) (S 41,11,6) (S 52,6,2) (S 68,5,10)
0 1 3 65 74 8 (D 1,1,1) (S 5,5,5) (S 30,5,6) (S 29,7,19) (S 37,19,18) (S 61,18,11) (S 33,11,14) (S 59,17,22)
0 1 4 65 72 12 (D 1,1,1) (S 46,5,14) (S 71,14,13) (S 13,13,13) (S 23,13,16) (S 16,16,16) (S 24,16,17) (S 17,17,17) (S 22,22,22) (S 65,22,17) (S 25,22,18) (S 49,4,4)
0 1 5 65 82 11 (D 1,1,1) (S 10,10,10) (S 35,10,9) (S 9,9,9) (S 56,10,5) (S 62,14,10) (S 8,8,8) (S 57,8,12) (S 12,12,12) (S 50,12,8) (S 53,12,9)
0 1 6 65 97 9 (D 1,1,1) (S 48,14,5) (S 4,4,4) (S 74,4,9) (S 38,8,14) (S 14,14,14) (S 51,14,12) (S 39,12,15) (S 63,15,21)
0 1 7 63 131 9 (D 1,1,1) (S 32,4,3) (S 3,3,3) (S 60,3,8) (S 43,12,10) (S 47,4,2) (S 42,13,10) (S 15,15,15) (S 73,15,24)
0 1 8 62 84 10 (D 1,1,1) (S 44,16,21) (S 21,21,21) (S 45,21,16) (S 55,21,15) (S 31,15,20) (S 20,20,20) (S 28,20,24) (S 34,24,19) (S 19,19,19)
0 1 9 53 138 7 (D 1,1,1) (S 58,23,18) (S 75,23,16) (S 18,18,18) (S 64,18,23) (S 27,14,19) (S 70,14,15)