425
8
1910899
99
0 1 1 64 40 11 (D 1,1,1) (S 44,1,6) (S 6,6,6) (S 56,6,29) (S 29,29,29) (S 36,1,24) (S 24,24,24) (S 48,1,29) (S 1,1,1) (S 51,1,1) (S 52,1,5)
0 1 2 64 60 10 (D 1,1,1) (S 32,1,10) (S 74,10,7) (S 7,7,7) (S 57,7,6) (S 30,6,14) (S 42,14,15) (S 60,15,7) (S 34,1,25) (S 54,26,27)
0 1 3 65 45 11 (D 1,1,1) (S 58,1,2) (S 2,2,2) (S 3,3,3) (S 65,3,2) (S 35,7,10) (S 10,10,10) (S 46,7,5) (S 5,5,5) (S 66,5,9) (S 53,26,2)
0 1 4 65 32 8 (D 1,1,1) (S 8,8,8) (S 47,8,9) (S 9,9,9) (S 62,9,8) (S 11,11,11) (S 67,11,15) (S 45,15,11)
0 1 5 65 38 9 (D 1,1,1) (S 23,23,23) (S 43,23,34) (S 69,34,24) (S 38,24,25) (S 25,25,25) (S 26,26,26) (S 73,26,20) (S 20,20,20)
0 1 6 64 60 7 (D 1,1,1) (S 16,16,16) (S 40,16,17) (S 17,17,17) (S 50,16,23) (S 13,13,13) (S 59,22,14)
0 1 7 63 68 13 (D 1,1,1) (S 72,13,12) (S 12,12,12) (S 41,13,22) (S 33,22,25) (S 37,25,24) (S 64,24,14) (S 14,14,14) (S 71,14,22) (S 55,14,24) (S 15,15,15) (S 39,15,20) (S 27,27,27)
0 1 8 55 82 10 (D 1,1,1) (S 31,27,21) (S 21,21,21) (S 63,21,20) (S 49,27,28) (S 28,28,28) (S 61,28,27) (S 4,4,4) (S 70,4,3) (S 68,20,12)