164
9
709300
0
0 1 1 27 33 10 (D 1,1,1) (S 17,1,1) (S 12,1,2) (S 22,2,6) (S 21,6,9) (S 10,9,2) (S 29,2,5) (S 27,5,9) (S 34,1,8) (S 39,6,10)
0 1 2 27 16 5 (D 1,1,1) (S 11,1,7) (S 7,7,7) (S 25,1,10) (S 37,1,2)
0 1 3 27 9 4 (D 1,1,1) (S 35,1,6) (S 6,6,6) (S 26,2,7)
0 1 4 27 21 7 (D 1,1,1) (S 23,1,4) (S 4,4,4) (S 19,4,7) (S 15,7,10) (S 28,10,9) (S 36,3,5)
0 1 5 27 24 6 (D 1,1,1) (S 24,1,5) (S 5,5,5) (S 33,5,8) (S 31,3,4) (S 38,3,8)
0 1 6 27 12 3 (D 1,1,1) (S 1,1,1) (S 30,4,10)
0 1 7 23 31 5 (D 1,1,1) (S 13,1,4) (S 16,4,5) (S 20,5,6) (S 18,2,3)
0 1 8 25 2 2 (D 1,1,1) (S 3,3,3)
0 1 9 13 16 3 (D 1,1,1) (S 14,3,10) (S 32,4,8)