579
10
2170699
100
0 1 1 70 49 17 (D 1,1,1) (S 78,1,3) (S 3,3,3) (S 41,3,1) (S 1,1,1) (S 2,2,2) (S 113,2,1) (S 44,3,8) (S 8,8,8) (S 96,8,11) (S 68,11,9) (S 9,9,9) (S 82,9,5) (S 5,5,5) (S 51,5,4) (S 102,12,18) (S 99,18,23)
0 1 2 70 44 12 (D 1,1,1) (S 89,1,13) (S 13,13,13) (S 86,13,14) (S 14,14,14) (S 55,14,15) (S 15,15,15) (S 50,15,11) (S 94,11,4) (S 4,4,4) (S 93,4,3) (S 116,36,30)
0 1 3 70 32 11 (D 1,1,1) (S 76,3,1) (S 7,7,7) (S 60,7,11) (S 11,11,11) (S 71,11,17) (S 17,17,17) (S 46,17,21) (S 58,21,20) (S 20,20,20) (S 83,20,25)
0 1 4 70 49 13 (D 1,1,1) (S 84,8,14) (S 70,14,8) (S 87,4,11) (S 40,9,19) (S 95,19,26) (S 26,26,26) (S 88,26,25) (S 25,25,25) (S 72,25,31) (S 31,31,31) (S 100,31,24) (S 24,24,24)
0 1 5 70 30 16 (D 1,1,1) (S 12,12,12) (S 57,12,19) (S 19,19,19) (S 110,19,23) (S 23,23,23) (S 77,23,37) (S 106,37,30) (S 30,30,30) (S 104,30,36) (S 53,36,29) (S 29,29,29) (S 45,36,22) (S 22,22,22) (S 61,22,18) (S 18,18,18)
0 1 6 69 56 15 (D 1,1,1) (S 74,12,13) (S 90,13,12) (S 115,18,19) (S 63,19,24) (S 49,24,30) (S 47,30,36) (S 36,36,36) (S 52,36,39) (S 39,39,39) (S 43,39,45) (S 66,45,35) (S 35,35,35) (S 81,35,34) (S 103,27,25)
0 1 7 70 91 11 (D 1,1,1) (S 59,19,14) (S 98,23,18) (S 48,22,23) (S 67,24,14) (S 42,26,40) (S 91,31,25) (S 101,31,37) (S 37,37,37) (S 79,37,31) (S 54,36,35)
0 1 8 70 79 13 (D 1,1,1) (S 10,10,10) (S 112,10,17) (S 73,17,11) (S 21,21,21) (S 107,21,29) (S 62,37,23) (S 111,45,38) (S 38,38,38) (S 64,38,45) (S 56,45,48) (S 85,48,38) (S 65,38,48)
0 1 9 69 93 12 (D 1,1,1) (S 105,4,2) (S 75,25,27) (S 27,27,27) (S 97,27,28) (S 28,28,28) (S 80,25,20) (S 114,25,16) (S 16,16,16) (S 6,6,6) (S 69,6,10) (S 34,34,34)
0 1 10 17 56 4 (D 1,1,1) (S 109,34,35) (S 108,34,48) (S 92,48,34)