745
9
3178200
100
0 1 1 75 45 17 (D 1,1,1) (S 99,1,6) (S 95,6,1) (S 60,6,12) (S 62,12,9) (S 9,9,9) (S 89,9,12) (S 40,12,20) (S 32,20,19) (S 97,19,16) (S 16,16,16) (S 86,16,18) (S 18,18,18) (S 88,18,20) (S 20,20,20) (S 52,20,33) (S 83,29,23)
0 1 2 75 48 13 (D 1,1,1) (S 69,6,9) (S 37,9,10) (S 10,10,10) (S 50,10,5) (S 5,5,5) (S 73,5,4) (S 4,4,4) (S 47,4,1) (S 1,1,1) (S 43,1,2) (S 6,6,6) (S 109,31,19)
0 1 3 75 92 16 (D 1,1,1) (S 104,6,4) (S 91,4,5) (S 84,4,9) (S 39,9,14) (S 14,14,14) (S 54,14,20) (S 100,20,18) (S 53,18,17) (S 67,16,13) (S 13,13,13) (S 112,13,16) (S 66,16,29) (S 29,29,29) (S 80,41,30) (S 113,24,26)
0 1 4 75 66 8 (D 1,1,1) (S 58,6,3) (S 3,3,3) (S 8,8,8) (S 65,8,3) (S 93,13,29) (S 57,29,33) (S 63,33,39)
0 1 5 75 68 13 (D 1,1,1) (S 92,12,8) (S 101,9,4) (S 44,6,15) (S 33,15,15) (S 15,15,15) (S 107,15,31) (S 75,31,21) (S 21,21,21) (S 34,21,19) (S 19,19,19) (S 94,31,15) (S 114,36,24)
0 1 6 75 72 13 (D 1,1,1) (S 56,15,11) (S 11,11,11) (S 71,11,6) (S 55,6,2) (S 2,2,2) (S 78,6,11) (S 46,11,12) (S 12,12,12) (S 48,12,25) (S 45,25,24) (S 105,24,15) (S 102,22,31)
0 1 7 75 109 17 (D 1,1,1) (S 51,6,7) (S 7,7,7) (S 72,22,14) (S 23,23,23) (S 38,23,33) (S 42,33,28) (S 28,28,28) (S 49,29,30) (S 30,30,30) (S 87,30,31) (S 31,31,31) (S 76,31,41) (S 111,41,31) (S 26,26,26) (S 74,26,24) (S 79,25,27)
0 1 8 74 100 13 (D 1,1,1) (S 59,31,22) (S 77,21,22) (S 22,22,22) (S 81,22,28) (S 70,28,19) (S 41,36,35) (S 64,35,20) (S 90,31,50) (S 106,50,27) (S 27,27,27) (S 98,27,50) (S 36,50,26)
0 1 9 63 145 11 (D 1,1,1) (S 68,24,19) (S 25,25,25) (S 96,25,50) (S 61,50,25) (S 82,27,22) (S 35,28,25) (S 110,28,22) (S 108,35,41) (S 103,39,29) (S 85,4,7)