366
8
1688799
200
0 1 1 50 43 10 (D 1,1,1) (S 27,1,22) (S 22,22,22) (S 54,5,22) (S 38,5,4) (S 4,4,4) (S 53,4,11) (S 46,11,4) (S 24,11,7) (S 50,12,8)
0 1 2 50 37 7 (D 1,1,1) (S 23,1,5) (S 5,5,5) (S 39,5,4) (S 34,11,12) (S 47,12,11) (S 48,7,5)
0 1 3 50 12 5 (D 1,1,1) (S 2,2,2) (S 43,2,1) (S 1,1,1) (S 26,2,6)
0 1 4 50 52 9 (D 1,1,1) (S 45,5,7) (S 7,7,7) (S 10,10,10) (S 52,10,9) (S 9,9,9) (S 19,19,19) (S 35,19,17) (S 25,15,25)
0 1 5 48 38 7 (D 1,1,1) (S 21,21,21) (S 41,21,20) (S 20,20,20) (S 6,6,6) (S 44,6,3) (S 3,3,3)
0 1 6 49 45 7 (D 1,1,1) (S 32,6,8) (S 30,8,12) (S 42,12,13) (S 13,13,13) (S 37,13,12) (S 31,8,3)
0 1 7 48 79 6 (D 1,1,1) (S 49,25,19) (S 40,13,14) (S 14,14,14) (S 55,14,22) (S 29,22,20)
0 1 8 31 60 5 (D 1,1,1) (S 28,14,21) (S 51,21,13) (S 33,21,22) (S 36,14,13)