513
8
2242800
100
0 1 1 65 41 15 (D 1,1,1) (S 46,1,1) (S 1,1,1) (S 61,1,2) (S 2,2,2) (S 68,2,7) (S 7,7,7) (S 55,7,2) (S 62,2,3) (S 3,3,3) (S 28,3,8) (S 8,8,8) (S 40,8,19) (S 56,11,8) (S 71,3,4)
0 1 2 65 44 11 (D 1,1,1) (S 60,1,4) (S 4,4,4) (S 70,4,5) (S 5,5,5) (S 77,5,4) (S 39,4,9) (S 9,9,9) (S 10,10,10) (S 53,10,16) (S 51,10,5)
0 1 3 65 51 10 (D 1,1,1) (S 38,1,18) (S 18,18,18) (S 19,19,19) (S 25,19,27) (S 63,27,14) (S 14,14,14) (S 57,14,27) (S 24,27,13) (S 79,21,38)
0 1 4 64 78 9 (D 1,1,1) (S 41,1,20) (S 20,20,20) (S 74,20,19) (S 84,20,14) (S 72,1,23) (S 23,23,23) (S 31,1,10) (S 48,6,7)
0 1 5 64 69 14 (D 1,1,1) (S 37,1,36) (S 81,36,21) (S 21,21,21) (S 44,21,3) (S 35,3,3) (S 54,3,21) (S 52,21,36) (S 64,1,3) (S 47,4,3) (S 34,4,38) (S 67,38,21) (S 75,38,22) (S 22,22,22)
0 1 6 64 67 10 (D 1,1,1) (S 6,6,6) (S 69,6,1) (S 32,6,16) (S 80,16,10) (S 43,16,10) (S 42,7,17) (S 76,17,8) (S 11,11,11) (S 49,22,21)
0 1 7 65 73 11 (D 1,1,1) (S 15,15,15) (S 33,15,30) (S 73,30,16) (S 16,16,16) (S 58,16,30) (S 83,16,21) (S 85,11,17) (S 30,22,25) (S 36,25,24) (S 65,21,22)
0 1 8 64 90 11 (D 1,1,1) (S 26,11,22) (S 66,21,12) (S 12,12,12) (S 29,12,23) (S 27,23,24) (S 78,24,21) (S 45,21,24) (S 59,22,38) (S 50,5,22) (S 82,5,4)