922
9
3339900
100
0 1 1 75 64 17 (D 1,1,1) (S 52,1,1) (S 1,1,1) (S 80,1,8) (S 65,8,7) (S 38,7,8) (S 26,8,3) (S 3,3,3) (S 20,3,2) (S 2,2,2) (S 86,2,4) (S 25,4,5) (S 30,5,6) (S 46,6,5) (S 5,5,5) (S 37,9,11) (S 42,10,8)
0 1 2 75 86 14 (D 1,1,1) (S 45,1,7) (S 89,7,1) (S 79,8,1) (S 74,10,7) (S 7,7,7) (S 50,7,10) (S 32,10,4) (S 4,4,4) (S 23,4,9) (S 9,9,9) (S 35,4,5) (S 87,4,5) (S 60,11,9)
0 1 3 75 98 12 (D 1,1,1) (S 29,7,25) (S 84,25,14) (S 14,14,14) (S 55,14,25) (S 28,25,31) (S 51,31,35) (S 53,35,34) (S 47,34,35) (S 96,35,16) (S 16,16,16) (S 82,40,18)
0 1 4 74 78 14 (D 1,1,1) (S 6,6,6) (S 71,6,13) (S 63,13,7) (S 8,8,8) (S 57,8,10) (S 10,10,10) (S 56,10,14) (S 81,14,32) (S 34,32,15) (S 15,15,15) (S 62,15,11) (S 11,11,11) (S 77,11,10)
0 1 5 75 93 10 (D 1,1,1) (S 44,4,10) (S 33,8,9) (S 24,11,21) (S 27,21,22) (S 54,22,28) (S 58,28,22) (S 91,28,15) (S 64,15,33) (S 68,33,15)
0 1 6 74 120 11 (D 1,1,1) (S 95,4,2) (S 13,13,13) (S 73,13,6) (S 21,13,30) (S 48,30,29) (S 69,29,30) (S 22,30,31) (S 93,31,32) (S 41,40,19) (S 19,19,19)
0 1 7 74 136 12 (D 1,1,1) (S 12,12,12) (S 61,12,6) (S 88,12,13) (S 66,12,29) (S 70,29,12) (S 59,29,34) (S 49,34,38) (S 94,38,34) (S 85,34,29) (S 75,13,12) (S 43,13,6)
0 1 8 72 137 9 (D 1,1,1) (S 36,18,22) (S 40,15,14) (S 90,32,14) (S 76,32,16) (S 31,16,40) (S 18,18,18) (S 67,18,38) (S 83,38,18)
0 1 9 33 110 6 (D 1,1,1) (S 39,35,18) (S 92,16,32) (S 17,17,17) (S 78,17,19) (S 72,19,17)