290
8
782800
100
0 1 1 27 32 6 (D 1,1,1) (S 25,1,17) (S 15,17,15) (S 37,15,20) (S 33,20,12) (S 12,12,12)
0 1 2 27 33 6 (D 1,1,1) (S 40,1,27) (S 19,27,26) (S 13,13,13) (S 30,13,26) (S 20,6,5)
0 1 3 27 48 7 (D 1,1,1) (S 31,1,15) (S 7,7,7) (S 39,7,8) (S 8,8,8) (S 23,25,26) (S 38,5,7)
0 1 4 27 37 7 (D 1,1,1) (S 11,11,11) (S 17,11,12) (S 21,12,7) (S 41,8,20) (S 18,12,13) (S 32,22,13)
0 1 5 25 8 3 (D 1,1,1) (S 16,11,3) (S 3,3,3)
0 1 6 27 47 6 (D 1,1,1) (S 34,10,11) (S 29,7,11) (S 4,4,4) (S 36,4,5) (S 27,2,5)
0 1 7 25 43 4 (D 1,1,1) (S 2,2,2) (S 24,2,3) (S 35,8,12)
0 1 8 24 42 5 (D 1,1,1) (S 28,22,25) (S 10,10,10) (S 26,10,12) (S 22,12,25)