23502
36
27742800
499
0 1 1 1594 302 7 (D 1,1,1) (S 57,1,6) (S 6,6,6) (S 129,6,8) (S 8,8,8) (S 130,8,15) (S 148,23,16)
0 1 2 1604 505 6 (D 1,1,1) (S 56,1,1) (S 1,1,1) (S 58,1,7) (S 7,7,7) (S 170,38,41)
0 1 3 1600 456 7 (D 1,1,1) (S 65,6,7) (S 66,7,9) (S 9,9,9) (S 67,9,8) (S 68,9,16) (S 132,10,17)
0 1 4 1605 940 8 (D 1,1,1) (S 124,1,2) (S 2,2,2) (S 59,2,3) (S 3,3,3) (S 125,2,1) (S 97,31,40) (S 173,44,53)
0 1 5 1566 302 5 (D 1,1,1) (S 15,15,15) (S 76,15,22) (S 22,22,22) (S 147,22,23)
0 1 6 1608 916 8 (D 1,1,1) (S 136,15,9) (S 10,10,10) (S 69,10,11) (S 11,11,11) (S 61,11,3) (S 146,25,30) (S 175,46,37)
0 1 7 1605 668 8 (D 1,1,1) (S 126,2,10) (S 131,10,2) (S 60,3,4) (S 4,4,4) (S 127,4,12) (S 139,20,26) (S 100,35,34)
0 1 8 1605 380 5 (D 1,1,1) (S 16,16,16) (S 137,16,17) (S 17,17,17) (S 78,17,18)
0 1 9 1556 463 6 (D 1,1,1) (S 77,16,22) (S 86,22,29) (S 29,29,29) (S 161,29,31) (S 38,38,38)
0 1 10 1583 381 5 (D 1,1,1) (S 94,29,30) (S 30,30,30) (S 95,30,32) (S 162,30,23)
0 1 11 1598 950 6 (D 1,1,1) (S 70,11,12) (S 12,12,12) (S 133,12,4) (S 62,4,5) (S 176,46,55)
0 1 12 1611 418 5 (D 1,1,1) (S 72,11,18) (S 18,18,18) (S 80,18,19) (S 19,19,19)
0 1 13 1604 823 7 (D 1,1,1) (S 71,11,17) (S 79,17,24) (S 24,24,24) (S 90,24,33) (S 39,39,39) (S 134,13,23)
0 1 14 1563 500 6 (D 1,1,1) (S 23,23,23) (S 149,23,22) (S 87,23,24) (S 88,24,25) (S 25,25,25)
0 1 15 1527 545 6 (D 1,1,1) (S 31,31,31) (S 163,31,29) (S 96,31,32) (S 32,32,32) (S 48,48,48)
0 1 16 1589 718 6 (D 1,1,1) (S 138,18,25) (S 85,25,26) (S 26,26,26) (S 155,26,20) (S 128,7,14)
0 1 17 1564 566 6 (D 1,1,1) (S 81,18,25) (S 151,25,30) (S 154,30,26) (S 156,26,27) (S 27,27,27)
0 1 18 1550 523 5 (D 1,1,1) (S 74,12,20) (S 20,20,20) (S 82,20,19) (S 145,25,19)
0 1 19 1510 598 5 (D 1,1,1) (S 73,12,13) (S 13,13,13) (S 75,13,14) (S 140,23,13)
0 1 20 1530 643 6 (D 1,1,1) (S 89,24,32) (S 98,32,38) (S 104,38,39) (S 105,39,42) (S 119,48,50)
0 1 21 1532 611 6 (D 1,1,1) (S 5,5,5) (S 64,5,13) (S 14,14,14) (S 135,14,21) (S 143,21,23)
0 1 22 1601 770 5 (D 1,1,1) (S 63,5,7) (S 21,21,21) (S 142,21,14) (S 141,23,21)
0 1 23 1563 611 8 (D 1,1,1) (S 40,40,40) (S 107,40,47) (S 47,47,47) (S 118,47,49) (S 49,49,49) (S 50,50,50) (S 177,50,51)
0 1 24 1610 502 5 (D 1,1,1) (S 106,40,41) (S 41,41,41) (S 109,41,48) (S 171,41,38)
0 1 25 1557 653 7 (D 1,1,1) (S 144,25,18) (S 152,25,34) (S 34,34,34) (S 167,34,43) (S 43,43,43) (S 110,43,42)
0 1 26 1544 683 4 (D 1,1,1) (S 117,47,48) (S 120,50,49) (S 108,41,42)
0 1 27 1568 772 6 (D 1,1,1) (S 150,25,17) (S 33,33,33) (S 99,33,39) (S 42,42,42) (S 35,35,35)
0 1 28 1609 790 6 (D 1,1,1) (S 164,33,32) (S 111,42,51) (S 51,51,51) (S 178,51,50) (S 113,52,43)
0 1 29 1551 768 6 (D 1,1,1) (S 165,33,34) (S 166,34,25) (S 153,30,25) (S 91,26,35) (S 102,35,44)
0 1 30 1566 725 6 (D 1,1,1) (S 83,20,23) (S 84,23,27) (S 157,27,26) (S 158,27,28) (S 28,28,28)
0 1 31 1573 781 6 (D 1,1,1) (S 92,27,36) (S 36,36,36) (S 101,36,35) (S 44,44,44) (S 53,53,53)
0 1 32 1496 725 5 (D 1,1,1) (S 112,43,44) (S 114,44,45) (S 45,45,45) (S 174,45,36)
0 1 33 1592 880 5 (D 1,1,1) (S 172,43,34) (S 103,36,37) (S 37,37,37) (S 168,36,45)
0 1 34 1615 871 6 (D 1,1,1) (S 121,51,52) (S 52,52,52) (S 122,52,53) (S 179,53,54) (S 160,28,27)
0 1 35 1557 839 6 (D 1,1,1) (S 159,28,21) (S 93,28,37) (S 169,37,46) (S 46,46,46) (S 115,46,45)
0 1 36 1579 924 6 (D 1,1,1) (S 116,45,54) (S 54,54,54) (S 180,54,53) (S 123,54,55) (S 55,55,55)