589
7
1851599
99
0 1 1 39 56 7 (D 1,1,1) (S 18,1,1) (S 1,1,1) (S 3,3,3) (S 16,3,2) (S 2,2,2) (S 30,15,12)
0 1 2 40 59 7 (D 1,1,1) (S 37,1,2) (S 7,7,7) (S 40,7,2) (S 20,7,10) (S 24,10,11) (S 12,12,12)
0 1 3 39 78 8 (D 1,1,1) (S 4,4,4) (S 33,4,11) (S 21,11,15) (S 36,15,9) (S 41,9,15) (S 27,11,4) (S 26,12,15)
0 1 4 39 89 6 (D 1,1,1) (S 43,10,11) (S 32,11,10) (S 11,11,11) (S 19,11,12) (S 38,24,12)
0 1 5 40 119 7 (D 1,1,1) (S 14,14,14) (S 25,14,13) (S 13,13,13) (S 29,24,14) (S 39,17,13) (S 42,13,17)
0 1 6 37 83 9 (D 1,1,1) (S 15,17,18) (S 34,18,8) (S 8,8,8) (S 31,8,18) (S 17,8,8) (S 28,8,6) (S 6,6,6) (S 22,13,12)
0 1 7 28 105 4 (D 1,1,1) (S 35,12,11) (S 23,12,5) (S 5,5,5)