673
10
5815899
199
0 1 1 75 49 19 (D 1,1,1) (S 4,4,4) (S 121,4,1) (S 81,4,9) (S 9,9,9) (S 75,9,8) (S 8,8,8) (S 114,8,9) (S 61,9,10) (S 10,10,10) (S 36,10,8) (S 120,8,5) (S 5,5,5) (S 77,5,9) (S 89,9,4) (S 70,4,5) (S 116,5,4) (S 118,8,7) (S 7,7,7)
0 1 2 75 48 12 (D 1,1,1) (S 52,4,3) (S 3,3,3) (S 110,3,7) (S 43,7,14) (S 14,14,14) (S 47,14,13) (S 13,13,13) (S 86,13,29) (S 60,29,24) (S 108,34,21) (S 76,19,21)
0 1 3 75 58 13 (D 1,1,1) (S 48,9,16) (S 16,16,16) (S 38,16,15) (S 15,15,15) (S 65,7,3) (S 73,3,13) (S 19,19,19) (S 96,19,13) (S 37,19,34) (S 35,34,26) (S 21,21,21) (S 103,21,34)
0 1 4 75 65 19 (D 1,1,1) (S 54,10,17) (S 17,17,17) (S 67,17,22) (S 22,22,22) (S 79,22,18) (S 18,18,18) (S 62,18,22) (S 101,22,23) (S 23,23,23) (S 39,23,37) (S 74,37,36) (S 113,36,42) (S 100,42,28) (S 28,28,28) (S 64,28,42) (S 68,42,36) (S 63,25,41) (S 94,41,31)
0 1 5 74 55 10 (D 1,1,1) (S 1,1,1) (S 33,1,2) (S 2,2,2) (S 58,2,4) (S 85,4,10) (S 80,10,17) (S 106,17,10) (S 42,10,6) (S 6,6,6)
0 1 6 74 60 15 (D 1,1,1) (S 11,11,11) (S 46,11,6) (S 92,6,12) (S 12,12,12) (S 59,12,11) (S 111,18,24) (S 50,24,25) (S 56,25,20) (S 20,20,20) (S 119,20,38) (S 57,38,27) (S 27,27,27) (S 72,27,29) (S 95,29,27)
0 1 7 75 74 13 (D 1,1,1) (S 41,16,27) (S 55,27,21) (S 26,26,26) (S 34,26,24) (S 24,24,24) (S 90,24,39) (S 117,39,29) (S 30,30,30) (S 83,30,46) (S 71,46,30) (S 104,31,41) (S 69,41,32)
0 1 8 74 103 11 (D 1,1,1) (S 102,8,6) (S 66,12,6) (S 44,12,17) (S 49,17,25) (S 107,24,23) (S 91,23,38) (S 88,38,20) (S 78,22,17) (S 45,22,27) (S 40,27,25)
0 1 9 73 88 12 (D 1,1,1) (S 53,27,36) (S 84,42,41) (S 32,32,32) (S 97,32,31) (S 31,31,31) (S 112,32,50) (S 109,50,29) (S 29,29,29) (S 99,27,42) (S 51,28,50) (S 105,50,27)
0 1 10 23 73 6 (D 1,1,1) (S 87,24,18) (S 98,37,27) (S 115,27,50) (S 82,37,38) (S 93,38,29)