487
8
3196700
200
0 1 1 65 48 12 (D 1,1,1) (S 74,1,2) (S 64,2,1) (S 42,1,4) (S 4,4,4) (S 72,4,2) (S 48,2,4) (S 38,2,25) (S 25,25,25) (S 36,25,29) (S 43,29,30) (S 61,1,2)
0 1 2 64 38 10 (D 1,1,1) (S 50,1,6) (S 6,6,6) (S 67,6,9) (S 66,9,7) (S 7,7,7) (S 76,7,9) (S 79,9,6) (S 34,6,10) (S 10,10,10)
0 1 3 65 48 12 (D 1,1,1) (S 57,1,40) (S 70,40,1) (S 68,2,1) (S 1,1,1) (S 40,1,5) (S 5,5,5) (S 77,5,4) (S 9,9,9) (S 75,9,8) (S 46,8,1) (S 58,8,9)
0 1 4 65 75 11 (D 1,1,1) (S 23,23,23) (S 33,23,34) (S 31,34,19) (S 19,19,19) (S 29,19,26) (S 71,26,23) (S 59,34,24) (S 49,24,34) (S 51,13,14) (S 54,16,17)
0 1 5 65 39 10 (D 1,1,1) (S 24,24,24) (S 32,24,25) (S 26,26,26) (S 47,26,30) (S 52,30,21) (S 21,21,21) (S 28,21,27) (S 27,27,27) (S 65,26,1)
0 1 6 64 84 9 (D 1,1,1) (S 12,12,12) (S 63,12,7) (S 39,34,26) (S 35,13,19) (S 80,14,13) (S 45,14,13) (S 13,13,13) (S 73,26,25)
0 1 7 64 91 11 (D 1,1,1) (S 11,11,11) (S 55,11,12) (S 78,27,39) (S 44,39,3) (S 3,3,3) (S 30,39,22) (S 22,22,22) (S 60,39,27) (S 62,21,26) (S 17,17,17)
0 1 8 44 64 9 (D 1,1,1) (S 41,17,25) (S 16,16,16) (S 53,16,15) (S 15,15,15) (S 69,15,13) (S 18,18,18) (S 37,18,23) (S 56,18,16)