396
7
1586899
200
0 1 1 45 80 11 (D 1,1,1) (S 20,1,5) (S 17,5,1) (S 1,1,1) (S 26,1,10) (S 40,10,1) (S 44,4,5) (S 29,5,4) (S 23,4,2) (S 31,20,9) (S 42,7,11)
0 1 2 45 59 7 (D 1,1,1) (S 34,1,9) (S 32,9,13) (S 13,13,13) (S 43,13,9) (S 33,1,11) (S 35,10,11)
0 1 3 45 62 7 (D 1,1,1) (S 30,1,13) (S 36,13,22) (S 22,22,15) (S 15,15,15) (S 39,9,20) (S 41,11,10)
0 1 4 45 30 5 (D 1,1,1) (S 24,1,20) (S 28,20,14) (S 14,14,14) (S 27,24,14)
0 1 5 44 64 6 (D 1,1,1) (S 21,5,11) (S 46,11,1) (S 37,5,3) (S 19,3,11) (S 45,11,12)
0 1 6 45 71 6 (D 1,1,1) (S 16,14,15) (S 4,4,4) (S 38,4,3) (S 18,4,7) (S 7,7,7)
0 1 7 17 30 4 (D 1,1,1) (S 6,6,6) (S 25,6,10) (S 10,10,10)