710
8
2162400
200
0 1 1 40 54 7 (D 1,1,1) (S 1,1,1) (S 16,1,3) (S 3,3,3) (S 15,3,2) (S 2,2,2) (S 45,12,13)
0 1 2 40 75 8 (D 1,1,1) (S 41,2,1) (S 6,6,6) (S 29,6,2) (S 19,6,7) (S 7,7,7) (S 27,21,15) (S 26,15,21)
0 1 3 39 73 8 (D 1,1,1) (S 38,7,8) (S 8,8,8) (S 23,8,15) (S 34,15,16) (S 22,16,11) (S 9,9,9) (S 28,16,15)
0 1 4 40 88 7 (D 1,1,1) (S 20,19,22) (S 44,22,13) (S 13,13,13) (S 31,13,22) (S 30,19,6) (S 35,12,7)
0 1 5 40 111 6 (D 1,1,1) (S 33,19,12) (S 12,12,12) (S 25,13,14) (S 14,14,14) (S 40,7,5)
0 1 6 39 114 6 (D 1,1,1) (S 42,8,4) (S 4,4,4) (S 24,21,14) (S 43,14,13) (S 39,18,10)
0 1 7 34 106 5 (D 1,1,1) (S 32,16,12) (S 36,12,8) (S 17,9,12) (S 37,12,6)
0 1 8 25 89 5 (D 1,1,1) (S 10,10,10) (S 18,10,5) (S 5,5,5) (S 21,7,6)