959
8
5031000
500
0 1 1 75 113 20 (D 1,1,1) (S 73,1,1) (S 1,1,1) (S 52,1,8) (S 45,8,7) (S 40,7,8) (S 36,8,9) (S 27,9,3) (S 89,3,1) (S 47,3,2) (S 2,2,2) (S 31,2,5) (S 29,5,6) (S 88,6,5) (S 5,5,5) (S 93,5,4) (S 4,4,4) (S 33,4,9) (S 9,9,9) (S 41,21,22)
0 1 2 75 72 12 (D 1,1,1) (S 55,1,7) (S 38,7,1) (S 34,9,3) (S 3,3,3) (S 35,3,4) (S 44,4,5) (S 53,2,3) (S 23,9,6) (S 6,6,6) (S 74,8,7) (S 50,10,11)
0 1 3 75 80 12 (D 1,1,1) (S 60,8,1) (S 61,6,13) (S 13,13,13) (S 91,13,6) (S 24,13,14) (S 14,14,14) (S 75,14,15) (S 15,15,15) (S 72,15,32) (S 85,16,21) (S 83,11,9)
0 1 4 75 105 10 (D 1,1,1) (S 32,4,8) (S 8,8,8) (S 11,11,11) (S 25,11,21) (S 30,21,22) (S 94,22,28) (S 84,28,22) (S 28,9,18) (S 43,18,17)
0 1 5 75 149 13 (D 1,1,1) (S 12,12,12) (S 48,12,6) (S 62,12,17) (S 17,17,17) (S 49,17,12) (S 66,12,13) (S 86,13,7) (S 80,13,12) (S 69,17,19) (S 19,19,19) (S 87,19,38) (S 79,38,21)
0 1 6 74 101 8 (D 1,1,1) (S 56,13,6) (S 54,18,22) (S 58,28,16) (S 16,16,16) (S 64,16,11) (S 37,32,15) (S 77,15,10)
0 1 7 73 143 15 (D 1,1,1) (S 90,32,36) (S 26,36,22) (S 22,22,22) (S 63,22,41) (S 46,41,22) (S 21,21,21) (S 92,21,36) (S 42,36,20) (S 20,20,20) (S 76,20,36) (S 65,36,37) (S 51,37,33) (S 39,33,16) (S 68,37,41)
0 1 8 56 196 9 (D 1,1,1) (S 81,31,20) (S 67,19,17) (S 70,31,32) (S 78,36,32) (S 82,21,20) (S 59,38,19) (S 57,37,36) (S 71,41,37)