578
9
2143800
100
0 1 1 65 47 15 (D 1,1,1) (S 39,1,4) (S 4,4,4) (S 51,4,5) (S 5,5,5) (S 42,5,3) (S 59,3,2) (S 2,2,2) (S 77,3,37) (S 79,37,22) (S 22,22,22) (S 58,22,37) (S 47,37,30) (S 34,30,29) (S 45,30,18)
0 1 2 64 40 10 (D 1,1,1) (S 60,1,8) (S 8,8,8) (S 35,8,11) (S 11,11,11) (S 65,11,7) (S 7,7,7) (S 50,9,7) (S 80,9,6) (S 43,9,4)
0 1 3 64 45 10 (D 1,1,1) (S 36,1,21) (S 21,21,21) (S 41,21,36) (S 31,36,1) (S 1,1,1) (S 55,1,4) (S 66,1,3) (S 54,5,4) (S 72,10,13)
0 1 4 64 63 9 (D 1,1,1) (S 78,1,24) (S 24,24,24) (S 6,6,6) (S 44,6,24) (S 30,6,14) (S 32,14,15) (S 68,15,9) (S 75,9,8)
0 1 5 65 86 10 (D 1,1,1) (S 19,19,19) (S 40,19,20) (S 20,20,20) (S 17,17,17) (S 48,17,28) (S 69,28,17) (S 49,28,21) (S 57,21,28) (S 81,22,21)
0 1 6 64 51 10 (D 1,1,1) (S 9,9,9) (S 28,9,12) (S 12,12,12) (S 13,13,13) (S 46,13,10) (S 10,10,10) (S 33,13,19) (S 25,22,25) (S 82,21,22)
0 1 7 65 93 11 (D 1,1,1) (S 37,36,29) (S 61,36,37) (S 56,37,3) (S 73,37,36) (S 18,18,18) (S 71,18,30) (S 53,18,37) (S 29,13,22) (S 52,21,14) (S 74,24,21)
0 1 8 63 83 8 (D 1,1,1) (S 63,15,11) (S 16,16,16) (S 76,16,19) (S 67,21,24) (S 38,24,25) (S 14,14,14) (S 26,14,15)
0 1 9 38 70 7 (D 1,1,1) (S 23,23,23) (S 27,23,32) (S 62,32,18) (S 64,23,22) (S 3,3,3) (S 70,3,23)