129
8
1786400
300
0 1 1 27 16  8 (D 0,1,1) (S 34,1,2) (S 22,2,4) (S 12,4,1) (S 27,1,11) (S 19,1,9) (S 14,7,10) (D 0,1,1)
0 1 2 27 8  5 (D 0,1,1) (S 13,1,7) (S 6,7,7) (S 11,7,4) (D 0,1,1)
0 1 3 27 36  9 (D 0,1,1) (S 16,1,10) (S 31,10,11) (S 9,11,9) (S 8,9,8) (S 21,4,9) (S 10,3,5) (S 28,5,11) (D 0,1,1)
0 1 4 25 11  5 (D 0,1,1) (S 23,1,5) (S 4,5,5) (S 30,5,10) (D 0,1,1)
0 1 5 26 7  5 (D 0,1,1) (S 32,1,6) (S 5,6,6) (S 20,6,8) (D 0,1,1)
0 1 6 27 2  3 (D 0,1,1) (S 1,2,2) (D 0,1,1)
0 1 7 26 24  7 (D 0,1,1) (S 18,2,6) (S 24,6,9) (S 29,9,10) (S 15,3,10) (S 26,3,9) (D 0,1,1)
0 1 8 23 25  5 (D 0,1,1) (S 33,2,11) (S 25,2,8) (S 17,2,5) (D 0,1,1)