9312
15
12886399
299
0 1 1 1811 348 10 (D 1,1,1) (S 45,1,1) (S 1,1,1) (S 47,1,8) (S 8,8,8) (S 60,8,7) (S 7,7,7) (S 59,7,14) (S 70,15,16) (S 89,31,26)
0 1 2 1808 305 7 (D 1,1,1) (S 46,1,2) (S 2,2,2) (S 49,2,9) (S 9,9,9) (S 58,7,1) (S 72,16,15)
0 1 3 1806 638 12 (D 1,1,1) (S 48,2,3) (S 3,3,3) (S 50,3,2) (S 4,4,4) (S 51,4,10) (S 10,10,10) (S 64,10,19) (S 78,19,10) (S 80,19,20) (S 85,22,13) (S 55,8,12)
0 1 4 1809 724 9 (D 1,1,1) (S 15,15,15) (S 69,15,8) (S 87,29,25) (S 25,25,25) (S 88,25,42) (S 90,31,38) (S 99,35,42) (S 32,32,32)
0 1 5 1815 761 10 (D 1,1,1) (S 16,16,16) (S 71,16,9) (S 43,38,32) (S 97,32,26) (S 26,26,26) (S 91,26,32) (S 98,32,33) (S 102,36,45) (S 101,36,32)
0 1 6 1791 1029 11 (D 1,1,1) (S 63,10,13) (S 61,13,5) (S 5,5,5) (S 52,5,8) (S 54,8,6) (S 6,6,6) (S 57,6,13) (S 77,18,17) (S 75,17,16) (S 106,38,37)
0 1 7 1803 570 8 (D 1,1,1) (S 53,5,12) (S 12,12,12) (S 66,12,11) (S 11,11,11) (S 65,11,20) (S 81,20,21) (S 93,28,27)
0 1 8 1812 778 8 (D 1,1,1) (S 19,19,19) (S 79,19,18) (S 18,18,18) (S 28,28,28) (S 94,28,29) (S 62,13,18) (S 67,12,21)
0 1 9 1814 847 8 (D 1,1,1) (S 41,19,29) (S 29,29,29) (S 20,20,20) (S 82,20,30) (S 38,38,38) (S 105,38,29) (S 104,37,38)
0 1 10 1816 633 8 (D 1,1,1) (S 68,12,22) (S 22,22,22) (S 84,22,12) (S 21,21,21) (S 83,21,12) (S 56,6,8) (S 76,17,23)
0 1 11 1640 447 6 (D 1,1,1) (S 35,35,35) (S 100,35,36) (S 36,36,36) (S 44,45,33) (S 33,33,33)
0 1 12 1758 377 6 (D 1,1,1) (S 27,27,27) (S 42,27,23) (S 23,23,23) (S 86,23,17) (S 73,17,3)
0 1 13 1638 710 6 (D 1,1,1) (S 92,27,33) (S 17,17,17) (S 74,17,5) (S 30,30,30) (S 95,30,29)
0 1 14 1609 532 6 (D 1,1,1) (S 96,30,39) (S 39,39,39) (S 107,39,38) (S 37,37,37) (S 103,37,28)
0 1 15 550 613 3 (D 1,1,1) (S 108,39,40) (S 40,40,40)