187
10
904399
100
0 1 1 27 11 7 (D 1,1,1) (S 34,1,1) (S 36,1,3) (S 3,3,3) (S 32,3,4) (S 4,4,4) (S 18,4,6)
0 1 2 27 13 6 (D 1,1,1) (S 33,1,3) (S 20,3,10) (S 12,10,8) (S 8,8,8) (S 11,6,9)
0 1 3 27 18 6 (D 1,1,1) (S 21,1,10) (S 13,10,9) (S 9,9,9) (S 35,1,4) (S 29,4,9)
0 1 4 27 16 6 (D 1,1,1) (S 41,1,2) (S 2,2,2) (S 40,2,6) (S 6,6,6) (S 26,6,10)
0 1 5 27 6 3 (D 1,1,1) (S 1,1,1) (S 27,1,6)
0 1 6 26 30 7 (D 1,1,1) (S 37,1,5) (S 43,5,8) (S 23,6,8) (S 19,2,10) (S 10,10,4) (S 28,3,8)
0 1 7 25 31 7 (D 1,1,1) (S 25,1,2) (S 15,2,7) (S 7,7,7) (S 16,7,4) (S 17,4,5) (S 14,5,10)
0 1 8 27 30 5 (D 1,1,1) (S 31,1,7) (S 22,7,8) (S 30,2,3) (S 42,7,9)
0 1 9 21 24 4 (D 1,1,1) (S 44,1,10) (S 39,3,9) (S 38,3,7)
0 1 10 8 8 2 (D 1,1,1) (S 24,7,10)