738
8
1963399
100
0 1 1 74 47 9 (D 1,1,1) (S 73,1,5) (S 5,5,5) (S 45,5,6) (S 6,6,6) (S 75,6,5) (S 65,5,15) (S 15,15,15) (S 37,10,11)
0 1 2 74 69 9 (D 1,1,1) (S 57,1,6) (S 11,11,11) (S 55,11,6) (S 38,11,1) (S 1,1,1) (S 56,1,7) (S 7,7,7) (S 72,17,21)
0 1 3 75 99 13 (D 1,1,1) (S 10,10,10) (S 66,10,15) (S 16,16,16) (S 31,16,20) (S 20,20,20) (S 54,20,24) (S 24,24,24) (S 70,24,20) (S 34,20,21) (S 21,21,21) (S 62,21,17) (S 51,31,32)
0 1 4 75 97 10 (D 1,1,1) (S 59,16,15) (S 67,24,15) (S 12,12,12) (S 26,12,7) (S 47,12,17) (S 17,17,17) (S 32,21,31) (S 35,31,30) (S 68,30,20)
0 1 5 75 82 12 (D 1,1,1) (S 13,13,13) (S 48,13,18) (S 18,18,18) (S 52,18,13) (S 29,13,22) (S 42,22,23) (S 33,23,19) (S 19,19,19) (S 46,19,25) (S 25,25,25) (S 27,25,33)
0 1 6 74 123 13 (D 1,1,1) (S 28,18,22) (S 22,22,22) (S 63,22,23) (S 23,23,23) (S 39,23,33) (S 44,33,32) (S 76,32,31) (S 64,32,22) (S 43,32,33) (S 79,25,19) (S 49,19,9) (S 53,9,4)
0 1 7 75 88 11 (D 1,1,1) (S 40,9,8) (S 8,8,8) (S 41,8,16) (S 58,16,13) (S 61,9,13) (S 71,8,9) (S 9,9,9) (S 4,4,4) (S 74,4,3) (S 77,3,2)
0 1 8 51 133 8 (D 1,1,1) (S 50,22,23) (S 30,23,23) (S 69,23,22) (S 36,16,14) (S 14,14,14) (S 60,14,19) (S 78,16,23)