692
8
1174699
100
0 1 1 39 44 7 (D 1,1,1) (S 21,1,2) (S 18,2,4) (S 17,4,5) (S 26,5,4) (S 4,4,4) (S 20,4,6)
0 1 2 39 69 8 (D 1,1,1) (S 43,1,1) (S 1,1,1) (S 24,1,9) (S 45,9,1) (S 29,1,1) (S 15,9,10) (S 36,21,6)
0 1 3 40 85 5 (D 1,1,1) (S 42,9,9) (S 9,9,9) (S 28,9,9) (S 39,7,13)
0 1 4 40 95 7 (D 1,1,1) (S 19,5,10) (S 40,10,10) (S 10,10,10) (S 35,10,10) (S 41,10,4) (S 31,14,8)
0 1 5 38 72 8 (D 1,1,1) (S 48,4,5) (S 6,6,6) (S 33,6,16) (S 16,16,7) (S 7,7,7) (S 23,13,7) (S 14,13,5)
0 1 6 40 138 8 (D 1,1,1) (S 13,10,21) (S 32,21,12) (S 12,12,12) (S 44,12,21) (S 37,16,6) (S 46,23,10) (S 30,8,3)
0 1 7 37 103 6 (D 1,1,1) (S 34,23,11) (S 11,11,11) (S 27,23,12) (S 25,16,5) (S 47,5,4)
0 1 8 11 86 3 (D 1,1,1) (S 38,14,13) (S 22,14,8)