408
8
1263899
100
0 1 1 27 40 6 (D 1,1,1) (S 26,1,19) (S 37,1,27) (S 29,26,27) (S 38,23,26) (S 18,22,23)
0 1 2 27 50 8 (D 1,1,1) (S 15,1,6) (S 6,6,6) (S 34,6,7) (S 7,7,7) (S 12,13,12) (S 25,2,1) (S 10,13,5)
0 1 3 27 44 5 (D 1,1,1) (S 24,2,12) (S 31,13,6) (S 35,5,18) (S 11,8,22)
0 1 4 27 38 4 (D 1,1,1) (S 1,1,1) (S 13,1,8) (S 21,4,8)
0 1 5 25 61 6 (D 1,1,1) (S 23,23,9) (S 9,9,9) (S 32,22,25) (S 36,25,26) (S 30,16,7)
0 1 6 26 59 6 (D 1,1,1) (S 3,3,3) (S 20,3,4) (S 14,10,2) (S 16,10,11) (S 19,8,9)
0 1 7 26 76 5 (D 1,1,1) (S 28,7,11) (S 27,18,8) (S 8,8,8) (S 17,8,25)
0 1 8 15 40 3 (D 1,1,1) (S 22,18,25) (S 33,20,8)