185
7
922599
100
0 1 1 20 15 7 (D 1,1,1) (S 22,1,1) (S 1,1,1) (S 3,3,3) (S 13,3,2) (S 2,2,2) (S 34,3,4)
0 1 2 20 23 9 (D 1,1,1) (S 7,7,7) (S 18,7,6) (S 6,6,6) (S 15,6,11) (S 11,11,11) (S 39,20,23) (S 28,23,20) (S 23,23,22)
0 1 3 20 33 11 (D 1,1,1) (S 20,7,8) (S 8,8,8) (S 36,8,12) (S 29,12,6) (S 30,6,12) (S 33,12,8) (S 38,12,13) (S 25,13,12) (S 41,16,12) (S 27,16,9)
0 1 4 20 31 6 (D 1,1,1) (S 19,6,7) (S 32,7,5) (S 5,5,5) (S 17,5,14) (S 40,18,10)
0 1 5 17 30 6 (D 1,1,1) (S 37,13,14) (S 21,14,18) (S 10,10,10) (S 24,10,13) (S 9,9,9)
0 1 6 20 34 6 (D 1,1,1) (S 16,9,12) (S 12,12,12) (S 35,12,20) (S 26,23,24) (S 14,16,10)
0 1 7 7 19 2 (D 1,1,1) (S 31,22,11)