437
9
1704499
100
0 1 1 45 47 11 (D 1,1,1) (S 14,1,3) (S 3,3,3) (S 48,3,4) (S 30,4,3) (S 25,3,6) (S 42,6,7) (S 26,7,6) (S 13,7,7) (S 7,7,7) (S 11,11,11)
0 1 2 45 35 7 (D 1,1,1) (S 47,1,5) (S 5,5,5) (S 2,2,2) (S 24,2,4) (S 32,1,4) (S 51,1,10)
0 1 3 44 55 7 (D 1,1,1) (S 39,1,19) (S 40,19,5) (S 28,10,1) (S 1,1,1) (S 34,1,11) (S 29,6,11)
0 1 4 44 39 6 (D 1,1,1) (S 16,1,20) (S 35,20,9) (S 9,9,9) (S 41,20,21) (S 21,24,23)
0 1 5 45 58 6 (D 1,1,1) (S 27,19,20) (S 50,21,24) (S 37,24,21) (S 22,21,23) (S 38,11,1)
0 1 6 44 62 6 (D 1,1,1) (S 45,19,12) (S 12,12,12) (S 46,21,9) (S 20,6,6) (S 31,10,11)
0 1 7 44 61 5 (D 1,1,1) (S 18,11,6) (S 43,6,3) (S 19,7,4) (S 4,4,4)
0 1 8 43 46 10 (D 1,1,1) (S 6,6,6) (S 17,6,10) (S 10,10,10) (S 36,11,10) (S 44,11,7) (S 23,7,8) (S 8,8,8) (S 15,8,18) (S 49,18,11)
0 1 9 4 34 2 (D 1,1,1) (S 33,11,6)