433
9
2581100
200
0 1 1 50 48 10 (D 1,1,1) (S 19,1,31) (S 60,31,2) (S 2,2,2) (S 35,2,6) (S 6,6,6) (S 45,6,9) (S 9,9,9) (S 31,9,15) (S 47,4,9)
0 1 2 50 45 7 (D 1,1,1) (S 40,1,30) (S 49,30,1) (S 26,1,4) (S 4,4,4) (S 39,4,5) (S 58,9,4)
0 1 3 50 36 7 (D 1,1,1) (S 1,1,1) (S 59,1,1) (S 43,3,1) (S 23,3,9) (S 20,9,13) (S 57,12,13)
0 1 4 49 29 9 (D 1,1,1) (S 22,3,4) (S 18,4,13) (S 32,13,12) (S 41,12,7) (S 7,7,7) (S 33,7,3) (S 3,3,3) (S 44,3,2)
0 1 5 50 56 9 (D 1,1,1) (S 28,31,29) (S 38,29,17) (S 17,17,17) (S 27,31,3) (S 52,29,30) (S 51,30,29) (S 21,16,26) (S 8,8,8)
0 1 6 50 80 10 (D 1,1,1) (S 16,16,16) (S 25,16,24) (S 14,14,14) (S 50,14,26) (S 34,26,17) (S 36,6,2) (S 48,8,6) (S 55,15,8) (S 11,11,11)
0 1 7 48 40 4 (D 1,1,1) (S 24,13,12) (S 12,12,12) (S 37,12,11)
0 1 8 48 73 8 (D 1,1,1) (S 10,10,10) (S 46,10,7) (S 56,12,11) (S 53,11,21) (S 42,21,11) (S 54,11,12) (S 30,21,22)
0 1 9 19 26 3 (D 1,1,1) (S 29,14,15) (S 15,15,15)