1484
24
21156199
300
0 1 1 74 25 11 (D 1,1,1) (S 38,1,14) (S 14,14,14) (S 135,14,1) (S 37,1,20) (S 20,20,20) (S 45,20,4) (S 4,4,4) (S 59,4,13) (S 13,13,13) (S 168,13,22)
0 1 2 74 35 9 (D 1,1,1) (S 36,1,2) (S 40,2,7) (S 137,7,2) (S 39,2,12) (S 12,12,12) (S 42,12,7) (S 7,7,7) (S 149,7,2)
0 1 3 75 38 14 (D 1,1,1) (S 48,14,16) (S 16,16,16) (S 60,16,13) (S 157,13,16) (S 145,16,14) (S 49,14,13) (S 62,13,18) (S 18,18,18) (S 64,18,15) (S 161,15,18) (S 159,18,13) (S 146,13,14) (S 88,3,19)
0 1 4 73 46 12 (D 1,1,1) (S 47,14,7) (S 50,7,2) (S 2,2,2) (S 147,2,7) (S 51,7,13) (S 63,13,21) (S 160,21,13) (S 148,13,7) (S 144,7,14) (S 141,14,20) (S 134,20,1)
0 1 5 73 57 12 (D 1,1,1) (S 61,16,24) (S 24,24,24) (S 158,24,16) (S 155,16,4) (S 142,4,20) (S 44,20,14) (S 171,24,13) (S 156,13,4) (S 58,4,16) (S 76,24,21) (S 185,19,3)
0 1 6 75 45 10 (D 1,1,1) (S 77,24,19) (S 19,19,19) (S 98,19,34) (S 195,34,19) (S 187,19,6) (S 6,6,6) (S 90,6,19) (S 174,19,24) (S 75,13,3)
0 1 7 75 51 10 (D 1,1,1) (S 46,20,22) (S 22,22,22) (S 71,22,13) (S 74,13,24) (S 72,22,3) (S 3,3,3) (S 172,3,13) (S 87,3,29) (S 118,40,47)
0 1 8 73 43 11 (D 1,1,1) (S 150,18,2) (S 52,2,7) (S 55,7,15) (S 67,15,26) (S 26,26,26) (S 164,26,15) (S 152,15,7) (S 139,7,12) (S 136,12,2) (S 53,2,18)
0 1 9 75 46 12 (D 1,1,1) (S 65,18,27) (S 27,27,27) (S 80,27,26) (S 177,26,27) (S 162,27,18) (S 66,15,21) (S 21,21,21) (S 163,21,15) (S 83,26,28) (S 28,28,28) (S 100,28,34)
0 1 10 75 75 10 (D 1,1,1) (S 133,2,1) (S 173,21,24) (S 73,22,29) (S 184,29,3) (S 169,3,22) (S 143,22,20) (S 89,3,34) (S 108,34,40) (S 205,40,34)
0 1 11 74 59 10 (D 1,1,1) (S 79,21,6) (S 176,6,21) (S 78,21,27) (S 175,27,21) (S 92,6,32) (S 32,32,32) (S 204,32,34) (S 107,34,32) (S 109,32,23)
0 1 12 75 47 10 (D 1,1,1) (S 82,26,15) (S 15,15,15) (S 84,15,25) (S 181,25,15) (S 166,15,21) (S 69,21,15) (S 85,15,31) (S 31,31,31) (S 191,31,29)
0 1 13 75 58 9 (D 1,1,1) (S 56,7,21) (S 153,21,7) (S 54,7,8) (S 8,8,8) (S 140,8,4) (S 43,4,8) (S 57,8,35) (S 35,35,35)
0 1 14 75 89 10 (D 1,1,1) (S 68,21,35) (S 154,35,8) (S 151,8,7) (S 41,12,4) (S 138,4,12) (S 81,27,28) (S 180,28,26) (S 99,28,31) (S 196,31,28)
0 1 15 75 63 11 (D 1,1,1) (S 170,29,22) (S 97,29,11) (S 11,11,11) (S 201,11,5) (S 5,5,5) (S 104,5,11) (S 194,11,29) (S 96,29,5) (S 105,5,40) (S 202,40,5)
0 1 16 75 57 13 (D 1,1,1) (S 200,34,5) (S 103,5,34) (S 186,34,3) (S 117,40,41) (S 120,41,17) (S 17,17,17) (S 217,17,41) (S 121,41,10) (S 10,10,10) (S 218,10,41) (S 207,41,32) (S 110,32,41)
0 1 17 74 69 10 (D 1,1,1) (S 91,6,28) (S 178,28,27) (S 188,28,6) (S 93,6,23) (S 23,23,23) (S 111,23,34) (S 34,34,34) (S 197,34,28) (S 208,34,23)
0 1 18 73 62 12 (D 1,1,1) (S 179,15,26) (S 114,34,25) (S 25,25,25) (S 124,25,45) (S 221,45,25) (S 211,25,34) (S 198,34,31) (S 101,31,34) (S 113,34,33) (S 33,33,33) (S 115,33,25)
0 1 19 73 77 12 (D 1,1,1) (S 189,32,6) (S 215,47,40) (S 130,47,17) (S 227,17,47) (S 226,47,1) (S 1,1,1) (S 129,1,47) (S 131,17,10) (S 223,10,9) (S 9,9,9) (S 220,9,30)
0 1 20 73 88 10 (D 1,1,1) (S 86,25,29) (S 29,29,29) (S 94,29,31) (S 182,31,15) (S 167,25,35) (S 165,35,21) (S 70,35,25) (S 183,29,25) (S 95,29,33)
0 1 21 74 99 12 (D 1,1,1) (S 102,31,33) (S 199,33,31) (S 112,23,30) (S 30,30,30) (S 123,30,9) (S 126,9,10) (S 228,10,17) (S 214,41,40) (S 193,5,29) (S 106,5,1) (S 119,41,30)
0 1 22 70 96 10 (D 1,1,1) (S 206,23,32) (S 190,23,6) (S 209,30,23) (S 216,30,41) (S 132,10,50) (S 225,50,45) (S 128,45,50) (S 224,50,9) (S 127,9,50)
0 1 23 75 92 10 (D 1,1,1) (S 212,25,33) (S 192,33,29) (S 210,33,34) (S 219,25,30) (S 122,30,25) (S 125,25,50) (S 222,50,25) (S 213,45,33) (S 116,33,45)
0 1 24 22 67 3 (D 1,1,1) (S 203,1,5) (S 229,50,10)