405
8
2934599
300
0 1 1 27 60 7 (D 1,1,1) (S 19,1,19) (S 23,1,17) (S 18,1,27) (S 28,12,15) (S 11,11,11) (S 27,21,11)
0 1 2 27 51 7 (D 1,1,1) (S 1,1,1) (S 36,1,1) (S 37,12,7) (S 7,7,7) (S 33,8,20) (S 31,16,17)
0 1 3 26 58 6 (D 1,1,1) (S 13,13,13) (S 22,13,27) (S 30,11,12) (S 12,12,12) (S 20,5,6)
0 1 4 26 35 4 (D 1,1,1) (S 2,2,2) (S 24,2,8) (S 16,9,4)
0 1 5 26 36 4 (D 1,1,1) (S 5,5,5) (S 29,5,10) (S 34,10,11)
0 1 6 24 46 4 (D 1,1,1) (S 8,8,8) (S 32,8,16) (S 10,10,10)
0 1 7 25 86 6 (D 1,1,1) (S 21,8,9) (S 35,10,21) (S 25,21,12) (S 14,14,14) (S 17,14,21)
0 1 8 8 33 2 (D 1,1,1) (S 26,20,21)