20189
26
25295999
200
0 1 1 190 649 11 (D 1,1,1) (S 21,1,16) (S 16,16,16) (S 22,16,10) (S 10,10,10) (S 109,10,16) (S 23,16,4) (S 110,4,16) (S 108,16,1) (S 26,5,7) (S 74,50,52)
0 1 2 190 526 9 (D 1,1,1) (S 24,4,5) (S 25,5,6) (S 112,6,5) (S 111,5,4) (S 113,7,5) (S 27,7,8) (S 114,8,7) (S 29,9,13)
0 1 3 190 524 8 (D 1,1,1) (S 95,4,20) (S 20,20,20) (S 181,20,59) (S 94,59,20) (S 180,20,8) (S 8,8,8) (S 89,1,2)
0 1 4 190 710 7 (D 1,1,1) (S 182,20,4) (S 28,8,9) (S 115,9,8) (S 13,13,13) (S 116,13,9) (S 190,76,20)
0 1 5 190 584 13 (D 1,1,1) (S 170,59,8) (S 83,8,59) (S 194,59,44) (S 66,44,9) (S 9,9,9) (S 153,9,44) (S 68,44,46) (S 154,46,9) (S 67,9,46) (S 155,46,44) (S 71,47,49) (S 193,51,21)
0 1 6 190 586 9 (D 1,1,1) (S 171,59,11) (S 30,11,12) (S 31,12,16) (S 119,16,13) (S 33,13,14) (S 120,14,13) (S 34,13,77) (S 121,77,13)
0 1 7 190 704 9 (D 1,1,1) (S 93,8,20) (S 85,8,60) (S 87,60,62) (S 91,62,66) (S 178,66,62) (S 174,62,60) (S 172,60,8) (S 168,11,18)
0 1 8 189 658 5 (D 1,1,1) (S 169,8,11) (S 11,11,11) (S 82,11,8) (S 176,2,1)
0 1 9 190 676 6 (D 1,1,1) (S 107,44,59) (S 152,44,43) (S 65,43,44) (S 75,51,53) (S 161,52,50)
0 1 10 190 720 13 (D 1,1,1) (S 69,46,47) (S 70,47,48) (S 157,48,47) (S 156,47,46) (S 72,49,50) (S 159,50,49) (S 158,49,47) (S 73,49,51) (S 160,51,49) (S 166,50,19) (S 103,20,76) (S 126,20,3)
0 1 11 190 894 6 (D 1,1,1) (S 84,11,59) (S 86,60,61) (S 173,61,60) (S 88,62,1) (S 76,52,53)
0 1 12 190 682 8 (D 1,1,1) (S 117,12,11) (S 105,76,77) (S 191,77,15) (S 104,15,77) (S 192,77,76) (S 125,20,19) (S 79,19,50)
0 1 13 190 696 14 (D 1,1,1) (S 77,52,54) (S 164,54,52) (S 162,53,51) (S 106,21,51) (S 41,21,22) (S 43,22,24) (S 130,24,22) (S 128,22,21) (S 127,21,19) (S 38,19,20) (S 3,3,3) (S 39,3,20) (S 118,16,12)
0 1 14 190 769 8 (D 1,1,1) (S 92,66,6) (S 6,6,6) (S 179,6,66) (S 1,1,1) (S 90,1,65) (S 167,56,12) (S 80,12,56)
0 1 15 186 691 11 (D 1,1,1) (S 163,53,52) (S 165,53,24) (S 78,24,53) (S 42,22,19) (S 19,19,19) (S 132,19,17) (S 17,17,17) (S 45,17,19) (S 189,19,15) (S 47,15,26)
0 1 16 189 919 14 (D 1,1,1) (S 175,1,62) (S 177,65,1) (S 18,18,18) (S 81,18,11) (S 151,41,35) (S 63,35,39) (S 62,39,40) (S 149,40,39) (S 150,39,35) (S 64,35,41) (S 148,39,4) (S 4,4,4) (S 60,4,7)
0 1 17 190 819 10 (D 1,1,1) (S 44,24,17) (S 46,17,26) (S 134,26,15) (S 15,15,15) (S 102,15,19) (S 129,19,22) (S 131,17,24) (S 51,17,29) (S 48,26,27)
0 1 18 190 680 7 (D 1,1,1) (S 123,3,15) (S 35,15,14) (S 14,14,14) (S 122,14,15) (S 36,15,3) (S 37,3,19)
0 1 19 187 844 11 (D 1,1,1) (S 101,3,72) (S 99,72,73) (S 185,73,71) (S 98,71,73) (S 186,73,72) (S 184,72,71) (S 97,71,72) (S 100,73,74) (S 187,74,73) (S 32,13,16)
0 1 20 188 996 5 (D 1,1,1) (S 40,19,21) (S 124,19,3) (S 188,72,3) (S 133,26,17)
0 1 21 184 827 6 (D 1,1,1) (S 144,35,32) (S 55,32,33) (S 58,33,5) (S 5,5,5) (S 145,5,33)
0 1 22 190 1008 10 (D 1,1,1) (S 53,15,31) (S 139,31,30) (S 52,30,31) (S 140,31,15) (S 49,26,28) (S 50,28,29) (S 137,29,28) (S 136,28,26) (S 7,7,7)
0 1 23 177 956 6 (D 1,1,1) (S 61,4,39) (S 146,4,33) (S 142,33,32) (S 56,32,34) (S 147,7,4)
0 1 24 158 875 5 (D 1,1,1) (S 138,29,17) (S 135,27,26) (S 54,31,32) (S 141,32,31)
0 1 25 187 1204 4 (D 1,1,1) (S 183,71,70) (S 96,70,71) (S 59,33,4)
0 1 26 129 992 3 (D 1,1,1) (S 57,32,35) (S 143,34,32)