779
12
7507899
200
0 1 1 75 32 12 (D 1,1,1) (S 23,1,6) (S 33,6,13) (S 13,13,13) (S 45,13,13) (S 47,13,8) (S 8,8,8) (S 49,8,15) (S 52,15,23) (S 68,23,10) (S 10,10,10) (S 79,28,14)
0 1 2 74 31 12 (D 1,1,1) (S 22,1,6) (S 6,6,6) (S 30,6,11) (S 11,11,11) (S 44,11,19) (S 60,19,19) (S 19,19,19) (S 73,19,2) (S 2,2,2) (S 83,2,34) (S 103,40,47)
0 1 3 74 36 10 (D 1,1,1) (S 21,1,2) (S 25,2,7) (S 35,7,16) (S 16,16,16) (S 37,16,9) (S 40,9,15) (S 51,15,4) (S 4,4,4) (S 54,4,24)
0 1 4 74 53 13 (D 1,1,1) (S 34,6,13) (S 48,13,21) (S 64,21,27) (S 75,27,2) (S 72,19,12) (S 12,12,12) (S 82,12,1) (S 1,1,1) (S 89,33,1) (S 90,33,40) (S 102,40,18) (S 18,18,18)
0 1 5 74 48 11 (D 1,1,1) (S 32,6,7) (S 36,7,13) (S 46,13,20) (S 61,20,21) (S 63,21,5) (S 5,5,5) (S 65,5,23) (S 67,23,24) (S 69,24,17) (S 17,17,17)
0 1 6 74 58 12 (D 1,1,1) (S 62,20,2) (S 74,19,34) (S 93,34,40) (S 92,34,35) (S 94,35,3) (S 3,3,3) (S 96,3,37) (S 99,37,15) (S 15,15,15) (S 109,15,45) (S 108,42,9)
0 1 7 73 82 11 (D 1,1,1) (S 29,6,6) (S 43,11,13) (S 50,8,5) (S 66,5,10) (S 85,10,37) (S 98,37,20) (S 20,20,20) (S 100,20,15) (S 110,15,50) (S 113,45,50)
0 1 8 75 73 11 (D 1,1,1) (S 31,6,18) (S 56,18,19) (S 59,19,20) (S 57,18,19) (S 58,18,12) (S 81,12,33) (S 88,33,34) (S 95,35,18) (S 105,18,48) (S 116,48,49)
0 1 9 75 92 11 (D 1,1,1) (S 24,2,3) (S 27,3,9) (S 41,9,4) (S 53,4,17) (S 55,17,17) (S 71,17,28) (S 80,28,20) (S 101,20,45) (S 84,10,14) (S 106,18,49)
0 1 10 71 71 10 (D 1,1,1) (S 38,16,8) (S 39,9,7) (S 7,7,7) (S 42,7,17) (S 70,24,14) (S 14,14,14) (S 86,14,37) (S 97,3,42) (S 107,42,15)
0 1 11 73 116 10 (D 1,1,1) (S 77,27,35) (S 104,18,42) (S 9,9,9) (S 111,9,49) (S 117,49,50) (S 112,9,50) (S 87,14,20) (S 76,27,10) (S 115,47,48)
0 1 12 44 87 6 (D 1,1,1) (S 78,27,3) (S 91,33,46) (S 114,46,47) (S 26,3,4) (S 28,4,7)