760
7
5932800
300
0 1 1 200 55 25 (D 1,1,1) (S 31,1,18) (S 18,18,18) (S 97,18,1) (S 32,1,10) (S 10,10,10) (S 106,10,18) (S 40,18,10) (S 49,10,26) (S 26,26,26) (S 115,26,10) (S 98,10,1) (S 35,1,14) (S 14,14,14) (S 101,14,1) (S 33,1,21) (S 21,21,21) (S 99,21,1) (S 36,1,23) (S 23,23,23) (S 91,23,16) (S 16,16,16) (S 147,16,15) (S 15,15,15) (S 143,15,26)
0 1 2 199 80 23 (D 1,1,1) (S 37,1,24) (S 24,24,24) (S 103,24,1) (S 38,1,40) (S 104,40,1) (S 34,1,6) (S 6,6,6) (S 120,6,9) (S 54,9,6) (S 56,6,16) (S 124,16,14) (S 58,14,16) (S 131,16,11) (S 11,11,11) (S 121,11,9) (S 55,9,11) (S 65,11,16) (S 122,16,6) (S 100,6,1) (S 41,18,36) (S 107,36,18) (S 22,22,22)
0 1 3 199 97 32 (D 1,1,1) (S 39,18,22) (S 42,22,30) (S 30,30,30) (S 108,30,22) (S 43,22,5) (S 5,5,5) (S 50,5,13) (S 13,13,13) (S 116,13,5) (S 109,5,22) (S 44,22,25) (S 25,25,25) (S 95,25,38) (S 161,38,25) (S 152,25,8) (S 8,8,8) (S 149,8,27) (S 27,27,27) (S 83,27,8) (S 85,8,31) (S 151,31,8) (S 86,8,25) (S 110,25,22) (S 105,22,18) (S 48,10,5) (S 114,5,10) (S 60,26,17) (S 17,17,17) (S 127,17,13) (S 61,13,17) (S 70,28,4)
0 1 4 200 152 24 (D 1,1,1) (S 57,14,26) (S 59,26,13) (S 62,13,9) (S 9,9,9) (S 128,9,13) (S 125,13,26) (S 123,26,14) (S 130,11,7) (S 7,7,7) (S 64,7,11) (S 117,9,21) (S 51,21,9) (S 53,21,40) (S 119,40,21) (S 52,21,7) (S 118,7,21) (S 102,23,1) (S 144,23,26) (S 77,26,15) (S 80,15,3) (S 3,3,3) (S 146,3,15) (S 46,30,38)
0 1 5 200 154 19 (D 1,1,1) (S 158,24,16) (S 157,16,23) (S 145,16,26) (S 78,26,23) (S 92,16,24) (S 93,24,36) (S 150,36,27) (S 84,27,36) (S 94,36,25) (S 160,25,36) (S 159,36,24) (S 148,24,3) (S 82,3,24) (S 81,15,16) (S 79,26,16) (S 63,13,19) (S 138,1,4) (S 136,4,28)
0 1 6 200 116 24 (D 1,1,1) (S 45,30,2) (S 2,2,2) (S 47,2,29) (S 29,29,29) (S 113,29,2) (S 111,2,30) (S 112,38,30) (S 155,38,31) (S 89,31,38) (S 96,38,29) (S 156,29,20) (S 20,20,20) (S 90,20,29) (S 162,29,38) (S 154,25,31) (S 87,31,20) (S 153,20,31) (S 88,31,25) (S 126,17,26) (S 66,17,9) (S 68,9,19) (S 19,19,19) (S 134,19,9)
0 1 7 174 106 22 (D 1,1,1) (S 67,17,28) (S 28,28,28) (S 71,28,23) (S 75,23,24) (S 141,24,23) (S 137,23,28) (S 133,28,17) (S 132,9,17) (S 69,9,1) (S 1,1,1) (S 74,1,12) (S 12,12,12) (S 140,12,1) (S 135,1,9) (S 129,19,13) (S 4,4,4) (S 72,4,1) (S 73,4,24) (S 76,24,12) (S 142,12,24) (S 139,24,4)